07.12.2024   N1106
Îáðàçåö: "Âîëüôðàì"
LiF200
Òðóáêà: "40,0/0,100"
        Îòð1            Îòð2
   [ìÀ]  [Èìï/ñ]   [ìÀ]  [Èìï/ñ]
    834     370     425    67,3
    839     336     427    33,6
    844     336     430    33,6
    849     303     432    33,6
    854     303     435    33,6
    859     336     437    33,6
    864     303     440    33,6
    869     303     442     0,0
    874     336     445     0,0
    879     303     447     0,0
    884     269     450     0,0
    889     303     452     0,0
    894     303     455     0,0
    899     336     457     0,0
    904     336     460     0,0
    909     336     462     0,0
    914     303     465    33,6
    919     269     467    33,6
    924     269     469    33,6
    929     269     472    33,6
    934     235     474    33,6
    939     235     477    33,6
    944     235     479    33,6
    949     202     482    33,6
    954     235     484    33,6
    959     269     487    33,6
    964     269     489    33,6
    969     235     492    33,6
    974     235     494    33,6
    979     269     497    33,6
    984     269     499    67,3
    989     269     502    67,3
    994     269     504    67,3
    999     269     507    33,6
   1004     235     509    33,6
   1009     303     511    33,6
   1014     303     514     0,0
   1019     336     516     0,0
   1024     404     519    33,6
   1029     437     521    33,6
   1034     471     524    33,6
   1039     572     526    33,6
   1044     639     529    33,6
   1049     706     531    33,6
   1054     639     534    33,6
   1059     572     536    33,6
   1064     538     538    33,6
   1069     673     541    33,6
   1074     908     543    33,6
   1079    1312     546    33,6
   1084    1581     548    33,6
   1089    1547     551    33,6
   1094    1278     553    33,6
   1099     942     556    33,6
   1104     740     558    33,6
   1109     572     561    33,6
   1114     336     563    33,6
   1119     235     566    33,6
   1124     168     568    33,6
   1129     168     571    33,6
   1134     202     573    33,6
   1139     235     576    33,6
   1144     168     578    33,6
   1149     202     581    33,6
   1154     202     583    33,6
   1159     269     586    33,6
   1164     303     588    33,6
   1169     235     591    67,3
   1174     235     593     101
   1179     202     596     101
   1184     202     598    67,3
   1189     235     601    67,3
   1194     303     603    67,3
   1199     404     606    67,3
   1204     370     608    67,3
   1209     437     610    67,3
   1214     606     613    33,6
   1219    1110     615    33,6
   1224    1783     618    33,6
   1229    2859     620    33,6
   1234    3566     623    33,6
   1239    3499     625    33,6
   1244    3061     628    33,6
   1249    2725     630    33,6
   1254    2691     633     0,0
   1259    4205     635    33,6
   1264    6694     638     0,0
   1269    8410     640    33,6
   1274    8444     643    33,6
   1279    6661     645    33,6
   1284    4373     648    33,6
   1289    2086     650    33,6
   1294    1009     652    33,6
   1299     572     655     0,0
   1304     606     657    33,6
   1309     404     660    33,6
   1314     202     662    33,6
   1319     168     665     0,0
   1324     202     667     0,0
   1329     235     670    33,6
   1334     269     672    33,6
   1339     235     675    33,6
   1344     202     677    33,6
   1349     135     680    33,6
   1354     101     682    33,6
   1359     168     685    33,6
   1364     168     687    33,6
   1369     168     690    33,6
   1374     135     692    33,6
   1379     168     695    33,6
   1384     168     697    33,6
   1389     202     700     0,0
   1394     202     702    33,6
   1399     235     704    33,6
   1404     336     707    33,6
   1409     336     709    33,6
   1414     235     712     0,0
   1419     235     714     0,0
   1424     202     717     0,0
   1429     235     719     0,0
   1434     168     722     0,0
   1439     235     724     0,0
   1444     404     727     0,0
   1449     875     729     0,0
   1454    2658     732    33,6
   1459    6190     734    33,6
   1464    8141     737    33,6
   1469    7939     739     0,0
   1474    7165     742     0,0
   1479    5080     744    33,6
   1484    2590     747    33,6
   1489     976     749    33,6
   1494     336     752    33,6
   1499     168     754    33,6
   1504    67,3     757     0,0
   1509     135     759     0,0
   1514     135     761     0,0
   1519     101     764     0,0
   1524     135     766     0,0
   1529     235     769     0,0
   1534     235     771    33,6
   1539     135     774    33,6
   1544     135     776    33,6
   1549     101     779     0,0
   1554    33,6     781     0,0
   1559     101     784     0,0
   1564     101     786     0,0
   1569     101     789    33,6
   1574    33,6     791     0,0
   1579    33,6     794     0,0
   1584    33,6     796     0,0
   1589    67,3     799    33,6
   1594    67,3     801     0,0
   1599    33,6     804     0,0
   1604    33,6     806     0,0
   1609     101     809    33,6
   1614     135     811    33,6
   1619    33,6     813     0,0
   1624     0,0     816     0,0
   1629    33,6     818     0,0
   1634    67,3     821     0,0
   1639    33,6     823     0,0
   1644    33,6     826     0,0
   1649    33,6     828     0,0
   1654    33,6     831     0,0
   1658     114     833    12,0
   1660     171     834    15,0
   1662     186     835     9,0
   1664     226     836     7,0
   1666     265     837    11,0
   1668     275     838    11,0
   1670     247     839     9,0
   1672     229     840    10,0
   1674     235     841     9,0
   1676     226     842     8,0
   1678     198     843    13,0
   1680     190     844    10,0
   1682     171     845     9,0
   1685     121     846    14,0
   1687     107     847    12,0
   1689    84,0     848    13,0
   1691    70,0     849    13,0
   1693    76,0     850     8,0
   1695    63,0     851    14,0
   1697    58,0     852    16,0
   1699    52,0     853    15,0
   1701    50,0     854     8,0
   1703    39,0     855    10,0
   1705    41,0     856    10,0
   1707    40,0     857    11,0
   1709    43,0     858    12,0
   1711    44,0     859     8,0
   1713    40,0     860     5,0
   1715    30,0     861    18,0
   1717    36,0     862    10,0
   1719    39,0     863    13,0
   1721    45,0     864     9,0
   1723    40,0     865     9,0
   1725    28,0     866     8,0
   1727    42,0     867     6,0
   1729    45,0     868    10,0
   1731    46,0     869    10,0
   1733    35,0     870    13,0
   1735    34,0     871    14,0
   1737    39,0     872     8,0
   1739    47,0     873     7,0
   1741    36,0     874    10,0
   1743    50,0     875    14,0
   1745    51,0     876     5,0
   1747    47,0     877    12,0
   1749    49,0     878    10,0
   1751    37,0     879    10,0
   1753    40,0     880     7,0
   1755    51,0     881     9,0
   1757    48,0     882    10,0
   1759    48,0     883     6,0
   1761    40,0     884     6,0
   1763    25,0     885     3,0
   1765    42,0     886     9,0
   1767    32,0     887    13,0
   1769    25,0     888     7,0
   1771    22,0     889     9,0
   1773    30,0     890    11,0
   1775    38,0     891     7,0
   1777    42,0     892     9,0
   1780    39,0     893     8,0
   1782    34,0     894     6,0
   1784    39,0     895     4,0
   1786    39,0     896     7,0
   1788    37,0     897     6,0
   1790    42,0     898     8,0
   1792    31,0     899     6,0
   1794    32,0     900     9,0
   1796    33,0     901    10,0
   1798    31,0     902    11,0
   1800    40,0     903     3,0
   1802    39,0     904     6,0
   1804    36,0     905     9,0
   1806    33,0     906     8,0
   1808    25,0     907     8,0
   1810    40,0     908     8,0
   1812    37,0     909    11,0
   1814    35,0     910     7,0
   1816    33,0     911     4,0
   1818    25,0     912     2,0
   1820    41,0     913     7,0
   1822    34,0     914    11,0
   1824    40,0     915    11,0
   1826    27,0     916    11,0
   1828    30,0     917     8,0
   1830    38,0     918     8,0
   1832    39,0     919     3,0
   1834    41,0     920     6,0
   1836    29,0     921     5,0
   1838    21,0     922     7,0
   1840    31,0     923     5,0
   1842    30,0     924     7,0
   1844    40,0     925    11,0
   1846    37,0     926    10,0
   1848    37,0     927     4,0
   1850    29,0     928    12,0
   1852    28,0     929     4,0
   1854    40,0     930     6,0
   1856    27,0     931     9,0
   1858    19,0     932     4,0
   1860    37,0     933     7,0
   1862    24,0     934     5,0
   1864    36,0     935     4,0
   1866    21,0     936     7,0
   1868    38,0     937     4,0
   1870    22,0     938     7,0
   1872    36,0     939     9,0
   1874    33,0     940     2,0
   1876    24,0     941     6,0
   1878    27,0     942     6,0
   1880    29,0     943     8,0
   1882    26,0     944     4,0
   1884    20,0     945     8,0
   1886    31,0     946    11,0
   1888    20,0     947     5,0
   1890    29,0     948    11,0
   1892    31,0     949     1,0
   1894    28,0     950     5,0
   1896    21,0     951     9,0
   1898    22,0     952    12,0
   1900    18,0     953     5,0
   1902    29,0     954     6,0
   1904    30,0     955     5,0
   1906    25,0     956     4,0
   1908    30,0     957     9,0
   1910    20,0     958     8,0
   1912    21,0     959     5,0
   1914    22,0     960    13,0
   1916    17,0     961     2,0
   1918    30,0     962     5,0
   1920    39,0     963     3,0
   1922    35,0     964     6,0
   1924    40,0     965     3,0
   1926    63,0     966     9,0
   1928    72,0     967     4,0
   1930    65,0     968     4,0
   1932    63,0     969     7,0
   1934    56,0     970     6,0
   1936    65,0     971     3,0
   1938    55,0     972     4,0
   1940    34,0     973     7,0
   1942    29,0     974     4,0
   1944    27,0     975    12,0
   1946    29,0     976     5,0
   1948    23,0     977     7,0
   1950    19,0     978     4,0
   1952    26,0     979     3,0
   1954    30,0     980     6,0
   1956    20,0     981     6,0
   1958    21,0     982     4,0
   1961    29,0     983     5,0
   1963    21,0     984     3,0
   1965    26,0     985     7,0
   1967    34,0     986     1,0
   1969    22,0     987     5,0
   1971    31,0     988     4,0
   1973    24,0     989     4,0
   1975    21,0     990     5,0
   1977    15,0     991     3,0
   1979    26,0     992     3,0
   1981    18,0     993     1,0
   1983    21,0     994     7,0
   1985    16,0     995     5,0
   1987    32,0     996     6,0
   1989    31,0     997     4,0
   1991    21,0     998     3,0
   1993    23,0     999     2,0
   1995    21,0    1000     6,0
   1997    22,0    1001     5,0
   1999    28,0    1002     5,0
   2001    21,0    1003     4,0
   2003    25,0    1004     6,0
   2005    31,0    1005     6,0
   2007    19,0    1006    11,0
   2009    30,0    1007     6,0
   2011    40,0    1008     3,0
   2013    33,0    1009     2,0
   2015    28,0    1010     1,0
   2017    30,0    1011     5,0
   2019    26,0    1012     3,0
   2021    18,0    1013    10,0
   2023    10,0    1014     4,0
   2025    21,0    1015     4,0
   2027    11,0    1016     5,0
   2029    27,0    1017    14,0
   2031    19,0    1018     0,0
   2033    20,0    1019     6,0
   2035    19,0    1020     3,0
   2037    22,0    1021     3,0
   2039    25,0    1022     6,0
   2041    26,0    1023     6,0
   2043    23,0    1024     7,0
   2045    22,0    1025     6,0
   2047    30,0    1026     9,0
   2049    18,0    1027     9,0
   2051    27,0    1028    11,0
   2053    24,0    1029     9,0
   2055    15,0    1030     7,0
   2057    34,0    1031     8,0
   2059    15,0    1032     8,0
   2061    14,0    1033     6,0
   2063    20,0    1034     6,0
   2065    27,0    1035     3,0
   2067    20,0    1036     3,0
   2069    20,0    1037     4,0
   2071    19,0    1038     4,0
   2073    23,0    1039     3,0
   2075    20,0    1040     4,0
   2077    23,0    1041     8,0
   2079    21,0    1042     6,0
   2081    18,0    1043     6,0
   2083    24,0    1044     8,0
   2085    17,0    1045     5,0
   2087    16,0    1046     4,0
   2089    28,0    1047    10,0
   2091    17,0    1048     5,0
   2093    20,0    1049     2,0
   2095    21,0    1050    10,0
   2097    19,0    1051     3,0
   2099    25,0    1052     9,0
   2101    26,0    1053    13,0
   2103    25,0    1054     9,0
   2105    25,0    1055     9,0
   2107    16,0    1056    23,0
   2109    29,0    1057    18,0
   2111    19,0    1058    15,0
   2113    32,0    1059    18,0
   2115    12,0    1060    23,0
   2117    26,0    1061    20,0
   2119    15,0    1062    15,0
   2121    28,0    1063    18,0
   2123    21,0    1064    16,0
   2125    22,0    1065    18,0
   2127    16,0    1066    18,0
   2129    25,0    1067    10,0
   2131    18,0    1068     9,0
   2133    26,0    1069     6,0
   2135    21,0    1070    11,0
   2137    22,0    1071    14,0
   2139    16,0    1072    14,0
   2141    18,0    1073     9,0
   2143     8,0    1074     6,0
   2145    16,0    1075    10,0
   2147    22,0    1076     3,0
   2149    17,0    1077     7,0
   2151    19,0    1078     2,0
   2153    19,0    1079     6,0
   2155    17,0    1080     9,0
   2158    14,0    1081     4,0
   2160    17,0    1082     6,0
   2162    18,0    1083     6,0
   2164    10,0    1084     7,0
   2166    17,0    1085     9,0
   2168    17,0    1086     9,0
   2170    20,0    1087    14,0
   2172    30,0    1088    16,0
   2174    13,0    1089    12,0
   2176    16,0    1090    17,0
   2178    17,0    1091    22,0
   2180    26,0    1092    32,0
   2182    23,0    1093    55,0
   2184    22,0    1094    55,0
   2186    27,0    1095    69,0
   2188    38,0    1096    62,0
   2190    28,0    1097    62,0
   2192    28,0    1098    56,0
   2194    27,0    1099    50,0
   2196    25,0    1100    53,0
   2198    21,0    1101    37,0
   2200    23,0    1102    18,0
   2202    23,0    1103    22,0
   2204    15,0    1104    11,0
   2206    28,0    1105     9,0
   2208    23,0    1106     8,0
   2210    19,0    1107     3,0
   2212    13,0    1108     5,0
   2214    23,0    1109     7,0
   2216    16,0    1110     7,0
   2218    14,0    1111     4,0
   2220    19,0    1112     5,0
   2222    10,0    1113     4,0
   2224    16,0    1114     4,0
   2226     9,0    1115     7,0
   2228    17,0    1116     6,0
   2230    22,0    1117     7,0
   2232    19,0    1118     9,0
   2234    15,0    1119     5,0
   2236    13,0    1120     2,0
   2238    16,0    1121     3,0
   2240    19,0    1122     3,0
   2242    10,0    1123     3,0
   2244    13,0    1124     4,0
   2246    10,0    1125     6,0
   2248    10,0    1126     6,0
   2250    15,0    1127     6,0
   2252     9,0    1128     5,0
   2254     9,0    1129    12,0
   2256    17,0    1130     8,0
   2258    13,0    1131     4,0
   2260    13,0    1132     3,0
   2262    16,0    1133     7,0
   2264    19,0    1134     8,0
   2266    16,0    1135     5,0
   2268    19,0    1136     4,0
   2270    10,0    1137     2,0
   2272    19,0    1138     6,0
   2274    12,0    1139     6,0
   2276    14,0    1140     3,0
   2278    18,0    1141     6,0
   2280    14,0    1142     8,0
   2282    17,0    1143     2,0
   2284    11,0    1144     6,0
   2286    18,0    1145     4,0
   2288    11,0    1146     0,0
   2290     9,0    1147     4,0
   2292    13,0    1148     3,0
   2294    11,0    1149     5,0
   2296    13,0    1150     6,0
   2298    14,0    1151     4,0
   2300    17,0    1152     6,0
   2302     6,0    1153     2,0
   2304    17,0    1154     3,0
   2306    20,0    1155     6,0
   2308    14,0    1156     3,0
   2310    16,0    1157     1,0
   2312    16,0    1158     3,0
   2314    12,0    1159     2,0
   2316    14,0    1160     1,0
   2318    16,0    1161     5,0
   2320    19,0    1162     3,0
   2322    13,0    1163     3,0
   2324     5,0    1164     2,0
   2326    10,0    1165     2,0
   2328    16,0    1166     3,0
   2330    15,0    1167     6,0
   2332    12,0    1168     6,0
   2334    21,0    1169     5,0
   2336    14,0    1170     7,0
   2338     8,0    1171     7,0
   2340    13,0    1172    11,0
   2342    16,0    1173     5,0
   2345    14,0    1174     9,0
   2347    19,0    1175    10,0
   2349    11,0    1176     9,0
   2351     9,0    1177    15,0
   2353     8,0    1178     3,0
   2355    14,0    1179     7,0
   2357    13,0    1180     1,0
   2359    11,0    1181     8,0
   2361    19,0    1182     6,0
   2363     9,0    1183     1,0
   2365     7,0    1184     2,0
   2367     9,0    1185     3,0
   2369    15,0    1186     3,0
   2371     8,0    1187     4,0
   2373    13,0    1188     4,0
   2375    10,0    1189     1,0
   2377    18,0    1190     8,0
   2379    13,0    1191     4,0
   2381    16,0    1192     2,0
   2383    12,0    1193     1,0
   2385     8,0    1194     1,0
   2387    13,0    1195     3,0
   2389     4,0    1196     2,0
   2391     9,0    1197     3,0
   2393     9,0    1198     1,0
   2395     8,0    1199     6,0
   2397    13,0    1200     5,0
   2399    13,0    1201     1,0
   2401    15,0    1202     4,0
   2403     5,0    1203     3,0
   2405    21,0    1204     8,0
   2407    15,0    1205     5,0
   2409    14,0    1206     5,0
   2411    13,0    1207     3,0
   2413    11,0    1208     2,0
   2415    12,0    1209     9,0
   2417    11,0    1210     7,0
   2419    13,0    1211     7,0
   2421     9,0    1212     7,0
   2423    17,0    1213     8,0
   2425    13,0    1214     7,0
   2427    12,0    1215     6,0
   2429    14,0    1216     9,0
   2431    14,0    1217     6,0
   2433    11,0    1218     8,0
   2435     7,0    1219     9,0
   2437     9,0    1220    10,0
   2439    14,0    1221     6,0
   2441    14,0    1222     8,0
   2443    11,0    1223     5,0
   2445     7,0    1224     7,0
   2447    14,0    1225     3,0
   2449    12,0    1226     6,0
   2451    15,0    1227     9,0
   2453    13,0    1228     5,0
   2455     7,0    1229     4,0
   2457    11,0    1230     6,0
   2459     3,0    1231    11,0
   2461    10,0    1232     5,0
   2463    13,0    1233    14,0
   2465    13,0    1234    14,0
   2467    11,0    1235    21,0
   2469     7,0    1236    19,0
   2471    10,0    1237    29,0
   2473     7,0    1238    34,0
   2475     9,0    1239    60,0
   2477    19,0    1240    96,0
   2479    22,0    1241     108
   2481    21,0    1242     167
   2483    19,0    1243     123
   2485    19,0    1244     119
   2487    28,0    1245    95,0
   2489    24,0    1246    60,0
   2491    21,0    1247    74,0
   2493    20,0    1248    31,0
   2495    14,0    1249    39,0
   2497    10,0    1250    13,0
   2499     8,0    1251    12,0
   2501     8,0    1252    12,0
   2503    13,0    1253    16,0
   2505    16,0    1254    11,0
   2507    11,0    1255    14,0
   2509    12,0    1256    22,0
   2511    14,0    1257    21,0
   2513     8,0    1258    36,0
   2515    10,0    1259    57,0
   2517     6,0    1260    63,0
   2519     9,0    1261    77,0
   2521     9,0    1262    52,0
   2523     9,0    1263    52,0
   2525    18,0    1264    22,0
   2527    10,0    1265    26,0
   2529    15,0    1266    20,0
   2531    11,0    1267    12,0
   2533    13,0    1268    13,0
   2535    16,0    1269    11,0
   2537    11,0    1270    14,0
   2539    14,0    1271    15,0
   2541    14,0    1272    18,0
   2543    11,0    1273    33,0
   2545    14,0    1274    37,0
   2547    14,0    1275    82,0
   2549    20,0    1276     116
   2552    23,0    1277     207
   2554    49,0    1278     316
   2556    42,0    1279     367
   2558    37,0    1280     369
   2560    44,0    1281     291
   2562    25,0    1282     259
   2564    34,0    1283     187
   2566    26,0    1284     152
   2568    25,0    1285    86,0
   2570    19,0    1286    49,0
   2571     9,0    1287    38,0
   2573    12,0    1288    19,0
   2575    11,0    1289    18,0
   2577    17,0    1290    19,0
   2579    13,0    1291    16,0
   2581    10,0    1292    14,0
   2583     4,0    1293    17,0
   2585     8,0    1294    12,0
   2587    11,0    1295    16,0
   2589    11,0    1296    19,0
   2591    10,0    1297    20,0
   2594    12,0    1298    46,0
   2596    19,0    1299    40,0
   2598    14,0    1300    36,0
   2600    11,0    1301    27,0
   2602     6,0    1302    24,0
   2604     7,0    1303    21,0
   2606    11,0    1304    12,0
   2608     5,0    1305     8,0
   2610     6,0    1306    14,0
   2612     9,0    1307     9,0
   2614     8,0    1308     4,0
   2616     5,0    1309     3,0
   2618     8,0    1310     5,0
   2620     2,0    1311     3,0
   2622     6,0    1312     6,0
   2624     6,0    1313     5,0
   2626     7,0    1314     9,0
   2628    11,0    1315     7,0
   2630    10,0    1316     3,0
   2632     7,0    1317     7,0
   2634     7,0    1318     3,0
   2636     6,0    1319     8,0
   2638    10,0    1320     2,0
   2640     5,0    1321     6,0
   2642     6,0    1322     4,0
   2644    11,0    1323     1,0
   2646     8,0    1324     4,0
   2648     8,0    1325     4,0
   2650    11,0    1326     2,0
   2652     7,0    1327     5,0
   2654     2,0    1328     2,0
   2656     8,0    1329     2,0
   2658     8,0    1330     4,0
   2660     6,0    1331     1,0
   2662    11,0    1332     4,0
   2664     9,0    1333     6,0
   2666     9,0    1334     4,0
   2668    10,0    1335     5,0
   2670     9,0    1336     7,0
   2672     9,0    1337     4,0
   2674     6,0    1338     1,0
   2676     6,0    1339     3,0
   2678    10,0    1340     4,0
   2680     7,0    1341     5,0
   2682     6,0    1342     1,0
   2684     6,0    1343     2,0
   2686     8,0    1344     3,0
   2688     8,0    1345     4,0
   2690     5,0    1346     5,0
   2692     8,0    1347     3,0
   2694    10,0    1348     3,0
   2696     4,0    1349     3,0
   2698     5,0    1350     4,0
   2700     8,0    1351     0,0
   2702     6,0    1352     2,0
   2704     2,0    1353     1,0
   2706     8,0    1354    10,0
   2708    10,0    1355     4,0
   2710     3,0    1356     2,0
   2712     6,0    1357     2,0
   2714     8,0    1358     1,0
   2716     7,0    1359     1,0
   2718    10,0    1360     3,0
   2720     3,0    1361     4,0
   2722     7,0    1362     3,0
   2724    11,0    1363     3,0
   2726     1,0    1364     2,0
   2728     6,0    1365     3,0
   2730     7,0    1366     6,0
   2732     5,0    1367     3,0
   2734     6,0    1368     2,0
   2736     6,0    1369     4,0
   2738     9,0    1370     3,0
   2740    12,0    1371     2,0
   2742     6,0    1372     4,0
   2744     2,0    1373     3,0
   2746    11,0    1374     3,0
   2748    10,0    1375     4,0
   2750     7,0    1376     1,0
   2752     6,0    1377     3,0
   2754     5,0    1378     3,0
   2756     9,0    1379     5,0
   2758     3,0    1380     4,0
   2760     4,0    1381     2,0
   2762     8,0    1382     4,0
   2764     4,0    1383     0,0
   2766     6,0    1384     4,0
   2768     4,0    1385     3,0
   2770    12,0    1386     7,0
   2772     5,0    1387     1,0
   2775     6,0    1388     4,0
   2777     3,0    1389     8,0
   2779     3,0    1390     5,0
   2781     4,0    1391     8,0
   2783     4,0    1392     2,0
   2785     6,0    1393     6,0
   2787     8,0    1394     3,0
   2789     9,0    1395     2,0
   2791     5,0    1396     4,0
   2793     8,0    1397     4,0
   2795     2,0    1398     2,0
   2797     5,0    1399     3,0
   2799     6,0    1400     4,0
   2801     3,0    1401     2,0
   2803     9,0    1402     6,0
   2805     5,0    1403     2,0
   2807     1,0    1404     2,0
   2809     4,0    1405     5,0
   2811     4,0    1406     1,0
   2813     1,0    1407     2,0
   2815     3,0    1408     2,0
   2817     4,0    1409     4,0
   2819     6,0    1410     4,0
   2821     3,0    1411     4,0
   2823     5,0    1412     1,0
   2825     6,0    1413     4,0
   2827     4,0    1414     3,0
   2829     4,0    1415     9,0
   2831     5,0    1416     7,0
   2833     6,0    1417     6,0
   2835     5,0    1418     6,0
   2837     6,0    1419     9,0
   2839     1,0    1420     8,0
   2841     2,0    1421     8,0
   2843     4,0    1422     7,0
   2845     3,0    1423     4,0
   2847     4,0    1424     8,0
   2849     3,0    1425     5,0
   2851     7,0    1426     7,0
   2853     2,0    1427     3,0
   2855     5,0    1428     5,0
   2857     0,0    1429     3,0
   2859     2,0    1430     2,0
   2861     0,0    1431     1,0
   2863     3,0    1432     3,0
   2865     2,0    1433     4,0
   2867     4,0    1434     6,0
   2869     7,0    1435     5,0
   2871     3,0    1436     3,0
   2873     3,0    1437     6,0
   2875     9,0    1438     5,0
   2877     3,0    1439     3,0
   2879     5,0    1440     6,0
   2881     4,0    1441     2,0
   2883     3,0    1442     5,0
   2885     2,0    1443     5,0
   2887     7,0    1444     6,0
   2889     5,0    1445     2,0
   2891     6,0    1446     3,0
   2893     1,0    1447     4,0
   2895     2,0    1448     6,0
   2897     5,0    1449     1,0
   2899     4,0    1450     3,0
   2901     3,0    1451     8,0
   2903     5,0    1452     4,0
   2905     7,0    1453     4,0
   2907     5,0    1454     3,0
   2909     6,0    1455     6,0
   2911     6,0    1456     7,0
   2913     7,0    1457     5,0
   2915     4,0    1458     4,0
   2917     3,0    1459     6,0
   2919     2,0    1460     7,0
   2921     2,0    1461     4,0
   2923     4,0    1462     4,0
   2925     3,0    1463     5,0
   2927     4,0    1464     5,0
   2929     6,0    1465    10,0
   2931     5,0    1466    18,0
   2933     7,0    1467    21,0
   2935     7,0    1468    10,0
   2937     2,0    1469    25,0
   2939     9,0    1470    39,0
   2941    11,0    1471    59,0
   2943    12,0    1472     147
   2945    20,0    1473     238
   2947    36,0    1474     299
   2949    38,0    1475     303
   2951    22,0    1476     286
   2953    24,0    1477     198
   2955    23,0    1478     121
   2957    13,0    1479    68,0
   2959     4,0    1480    39,0
   2961     5,0    1481    19,0
   2963     9,0    1482    13,0
   2965     4,0    1483    20,0
   2967     7,0    1484    27,0
   2969    11,0    1485    37,0
   2971     4,0    1486    42,0
   2973    10,0    1487    22,0
   2975    11,0    1488    33,0
   2977     5,0    1489    17,0
   2979     8,0    1490    17,0
   2981     2,0    1491     8,0
   2983     3,0    1492    11,0
   2985     5,0    1493     7,0
   2987     4,0    1494     4,0
   2989     2,0    1495     5,0
   2991     5,0    1496     4,0
   2993     2,0    1497     6,0
   2995     5,0    1498     3,0
   2997     6,0    1499     9,0
   2999     5,0    1500     4,0
   3001     1,0    1501     7,0
   3003     6,0    1502     3,0
   3005     3,0    1503     4,0
   3007     1,0    1504     3,0
   3009     2,0    1505     3,0
   3011     3,0    1506     4,0
   3013     6,0    1507     7,0
   3015     2,0    1508     3,0
   3017     5,0    1509     5,0
   3019     2,0    1510     8,0
   3021     4,0    1511     2,0
   3023     3,0    1512     4,0
   3025     2,0    1513     3,0
   3027     2,0    1514     5,0
   3029     5,0    1515     3,0
   3031     2,0    1516     6,0
   3033     3,0    1517     4,0
   3035     4,0    1518     3,0
   3037     3,0    1519     4,0
   3039     1,0    1520     4,0
   3041     6,0    1521     4,0
   3043     4,0    1522     2,0
   3045     3,0    1523     4,0
   3047     0,0    1524     3,0
   3049     4,0    1525     0,0
   3051     5,0    1526     4,0
   3053     4,0    1527     6,0
   3055     2,0    1528     5,0
   3057     4,0    1529     4,0
   3059     4,0    1530     5,0
   3061     1,0    1531     7,0
   3063     1,0    1532     8,0
   3065     3,0    1533     2,0
   3067     0,0    1534     5,0
   3069     2,0    1535     4,0
   3071     3,0    1536     1,0
   3073     3,0    1537     7,0
   3075     3,0    1538    11,0
   3077     3,0    1539    17,0
   3079     6,0    1540    13,0
   3081     5,0    1541    10,0
   3083     3,0    1542     6,0
   3085     6,0    1543    11,0
   3087     4,0    1544    12,0
   3089     4,0    1545     2,0
   3091     4,0    1546     4,0
   3093     0,0    1547     6,0
   3095     6,0    1548     4,0
   3097     3,0    1549     6,0
   3099     3,0    1550     4,0
   3104     0,0    1553     0,0
   3109     0,0    1555     0,0
   3114     0,0    1558     0,0
   3119     0,0    1560     0,0
   3124     0,0    1563     0,0
   3129     0,0    1565     0,0
   3134     0,0    1568     0,0
   3139     0,0    1570     0,0
   3144     0,0    1573     0,0
   3149     0,0    1575     0,0
