07.12.2024   N1106
Образец: "Золото"
LiF200
Трубка: "40,0/0,100"
        Отр1            Отр2
   [мА]  [Имп/с]   [мА]  [Имп/с]
    834     510     425    16,0
    835     496     425    17,0
    836     505     426    19,0
    837     514     426    23,0
    838     521     427    28,0
    839     525     427    32,0
    840     538     428    25,0
    841     547     428    33,0
    842     543     429    36,0
    843     589     429    20,0
    844     558     430    23,0
    845     583     430    27,0
    846     569     431    24,0
    847     628     431    24,0
    848     565     432    28,0
    849     604     432    36,0
    850     567     433    28,0
    851     639     433    22,0
    852     624     434    36,0
    853     667     434    34,0
    854     676     435    27,0
    855     651     435    28,0
    856     648     436    37,0
    857     687     436    25,0
    858     713     437    25,0
    859     689     437    27,0
    860     683     438    33,0
    861     703     438    24,0
    862     706     439    30,0
    863     762     439    27,0
    864     765     440    32,0
    865     772     440    22,0
    866     732     441    29,0
    867     730     441    23,0
    868     757     442    33,0
    869     827     442    26,0
    870     816     443    31,0
    871     903     443    24,0
    872     848     444    27,0
    873     902     444    29,0
    874     918     445    37,0
    875     896     445    24,0
    876     958     446    29,0
    877     932     446    30,0
    878     986     447    23,0
    879    1024     447    36,0
    880    1047     448    24,0
    881    1079     448    32,0
    882    1164     449    29,0
    883    1167     449    34,0
    884    1155     450    27,0
    885    1190     450    31,0
    886    1207     451    25,0
    887    1230     451    24,0
    888    1271     452    21,0
    889    1310     452    22,0
    890    1346     453    26,0
    891    1349     453    33,0
    892    1341     454    34,0
    893    1435     454    23,0
    894    1403     455    18,0
    895    1378     455    27,0
    896    1412     456    27,0
    897    1499     456    36,0
    898    1501     457    29,0
    899    1564     457    16,0
    900    1628     458    34,0
    901    1626     458    30,0
    902    1660     459    34,0
    903    1660     459    30,0
    904    1769     460    40,0
    905    1836     460    30,0
    906    1862     461    23,0
    907    1944     461    23,0
    908    1943     461    33,0
    909    2023     462    29,0
    910    2050     463    37,0
    911    2018     463    34,0
    912    2064     464    44,0
    913    2076     464    22,0
    914    2061     465    39,0
    915    2018     465    39,0
    916    1997     465    23,0
    917    1932     466    36,0
    918    1886     466    32,0
    919    1831     467    39,0
    920    1773     468    26,0
    921    1624     468    36,0
    922    1563     468    33,0
    923    1504     469    39,0
    924    1412     469    45,0
    925    1328     470    33,0
    926    1243     470    32,0
    927    1279     471    34,0
    928    1212     471    38,0
    929    1180     472    37,0
    930    1089     472    43,0
    931    1003     473    26,0
    932    1026     473    38,0
    933     967     474    46,0
    934     904     474    34,0
    935     823     475    36,0
    936     805     475    53,0
    937     746     476    50,0
    938     678     476    40,0
    939     696     477    38,0
    940     652     477    41,0
    941     612     478    43,0
    942     596     478    51,0
    943     552     479    40,0
    944     580     479    34,0
    945     505     480    45,0
    946     484     480    52,0
    947     508     481    56,0
    948     472     481    48,0
    949     480     482    35,0
    950     461     482    52,0
    951     449     483    44,0
    952     444     483    48,0
    953     456     484    41,0
    954     413     484    55,0
    955     429     485    44,0
    956     450     485    54,0
    957     400     486    50,0
    958     396     486    51,0
    959     396     487    41,0
    960     406     487    59,0
    961     376     488    40,0
    962     426     488    55,0
    963     398     489    45,0
    964     363     489    58,0
    965     443     490    50,0
    966     398     490    39,0
    967     416     491    60,0
    968     343     491    60,0
    969     398     492    48,0
    970     411     492    61,0
    971     405     493    47,0
    972     382     493    55,0
    973     390     494    54,0
    974     393     494    53,0
    975     430     495    49,0
    976     400     495    63,0
    977     399     496    49,0
    978     412     496    51,0
    979     405     497    33,0
    980     404     497    52,0
    981     418     498    54,0
    982     375     498    39,0
    983     370     499    42,0
    984     355     499    41,0
    985     418     500    40,0
    986     416     500    37,0
    987     423     501    39,0
    988     406     501    43,0
    989     408     502    41,0
    990     424     502    43,0
    991     439     503    34,0
    992     416     503    40,0
    993     457     504    30,0
    994     466     504    46,0
    995     445     505    34,0
    996     485     505    36,0
    997     477     506    51,0
    998     535     506    41,0
    999     489     507    31,0
   1000     528     507    48,0
   1001     502     508    29,0
   1002     533     508    34,0
   1003     578     508    31,0
   1004     562     509    46,0
   1005     619     509    45,0
   1006     647     510    29,0
   1007     669     510    38,0
   1008     723     511    31,0
   1009     748     511    31,0
   1010     764     512    39,0
   1011     813     512    35,0
   1012     783     513    37,0
   1013     906     513    39,0
   1014     918     514    29,0
   1015     905     514    39,0
   1016    1040     515    41,0
   1017    1059     515    35,0
   1018    1064     516    43,0
   1019    1137     516    40,0
   1020    1247     517    37,0
   1021    1278     517    37,0
   1022    1308     518    38,0
   1023    1402     518    22,0
   1024    1461     519    38,0
   1025    1522     519    41,0
   1026    1669     520    34,0
   1027    1695     520    32,0
   1028    1682     521    38,0
   1029    1851     521    46,0
   1030    1905     522    46,0
   1031    2061     522    34,0
   1032    2116     523    45,0
   1033    2162     523    52,0
   1034    2278     524    47,0
   1035    2407     524    39,0
   1036    2548     525    30,0
   1037    2728     525    44,0
   1038    3002     526    37,0
   1039    3117     526    51,0
   1040    3354     527    45,0
   1041    3752     527    45,0
   1042    3853     528    46,0
   1043    4172     528    49,0
   1044    4676     529    42,0
   1045    4908     529    45,0
   1046    5237     530    42,0
   1047    5740     530    52,0
   1048    6198     531    48,0
   1049    6773     531    57,0
   1050    7265     532    55,0
   1051    7827     532    49,0
   1052    8172     533    62,0
   1053    8742     533    55,0
   1054    9199     534    53,0
   1055    9637     534    53,0
   1056   10255     535    55,0
   1057   10476     535    73,0
   1058   11148     535    66,0
   1059   11444     536    52,0
   1060   11853     536    44,0
   1061   12325     537    87,0
   1062   12689     537    79,0
   1063   13221     538    72,0
   1064   13360     538    74,0
   1065   13826     539    55,0
   1066   14162     539    77,0
   1067   14182     540    90,0
   1068   14327     540    83,0
   1069   14536     541    98,0
   1070   14448     541    84,0
   1071   14509     542    73,0
   1072   14207     542    82,0
   1073   13933     543    84,0
   1074   13359     543    78,0
   1075   13005     544    67,0
   1076   12380     544    62,0
   1077   11425     545    78,0
   1078   10889     545    74,0
   1079   10232     546    62,0
   1080    9389     546    61,0
   1081    8841     547    67,0
   1082    8318     547    63,0
   1083    7878     548    72,0
   1084    7429     548    60,0
   1085    6923     549    69,0
   1086    6792     549    64,0
   1087    6316     550    49,0
   1088    5836     550    46,0
   1089    5435     551    66,0
   1090    5174     551    60,0
   1091    4700     552    57,0
   1092    4177     552    59,0
   1093    3736     553    51,0
   1094    3284     553    60,0
   1095    3028     554    59,0
   1096    2704     554    56,0
   1097    2564     555    54,0
   1098    2256     555    66,0
   1099    2129     556    55,0
   1100    1942     556    60,0
   1101    1891     557    56,0
   1102    1689     557    52,0
   1103    1568     558    68,0
   1104    1410     558    67,0
   1105    1320     559    56,0
   1106    1214     559    36,0
   1107    1152     560    58,0
   1108    1056     560    54,0
   1109    1011     561    61,0
   1110     959     561    58,0
   1111     939     562    65,0
   1112     894     562    53,0
   1113     800     563    40,0
   1114     768     563    49,0
   1115     709     564    59,0
   1116     645     564    49,0
   1117     607     565    58,0
   1118     575     565    39,0
   1119     616     566    59,0
   1120     496     566    49,0
   1121     476     567    52,0
   1122     502     567    56,0
   1123     471     568    52,0
   1124     432     568    54,0
   1125     459     569    41,0
   1126     409     569    47,0
   1127     413     570    48,0
   1128     354     570    55,0
   1129     369     571    41,0
   1130     393     571    56,0
   1131     356     572    38,0
   1132     339     572    36,0
   1133     357     573    55,0
   1134     332     573    48,0
   1135     351     574    40,0
   1136     367     574    39,0
   1137     377     575    41,0
   1138     326     575    51,0
   1139     305     576    62,0
   1140     351     576    54,0
   1141     329     577    54,0
   1142     334     577    60,0
   1143     328     578    48,0
   1144     321     578    49,0
   1145     339     579    46,0
   1146     347     579    49,0
   1147     349     580    51,0
   1148     342     580    55,0
   1149     353     581    48,0
   1150     361     581    52,0
   1151     374     582    59,0
   1152     416     582    54,0
   1153     397     583    53,0
   1154     387     583    55,0
   1155     386     584    72,0
   1156     406     584    59,0
   1157     416     585    69,0
   1158     422     585    67,0
   1159     437     586    60,0
   1160     438     586    60,0
   1161     471     587    75,0
   1162     478     587    64,0
   1163     459     588    79,0
   1164     452     588    76,0
   1165     457     589    55,0
   1166     473     589    75,0
   1167     487     590    78,0
   1168     534     590    72,0
   1169     478     591    62,0
   1170     461     591    76,0
   1171     461     592    87,0
   1172     462     592    58,0
   1173     438     593    80,0
   1174     468     593    67,0
   1175     456     594    71,0
   1176     496     594    63,0
   1177     450     595    66,0
   1178     449     595    67,0
   1179     440     596    69,0
   1180     431     596    64,0
   1181     484     597    80,0
   1182     429     597    64,0
   1183     473     598    83,0
   1184     469     598    79,0
   1185     471     599    65,0
   1186     481     599    78,0
   1187     470     600    82,0
   1188     517     600    68,0
   1189     515     601    72,0
   1190     504     601    54,0
   1191     509     602    68,0
   1192     518     602    78,0
   1193     555     602    76,0
   1194     535     603    67,0
   1195     484     603    76,0
   1196     495     604    63,0
   1197     515     604    67,0
   1198     457     605    79,0
   1199     448     606    72,0
   1200     441     606    66,0
   1201     417     607    54,0
   1202     420     607    59,0
   1203     433     608    69,0
   1204     380     608    59,0
   1205     417     609    64,0
   1206     412     609    65,0
   1207     386     609    43,0
   1208     370     610    50,0
   1209     368     610    62,0
   1210     382     611    46,0
   1211     367     611    67,0
   1212     348     612    41,0
   1213     320     612    61,0
   1214     320     613    49,0
   1215     313     613    52,0
   1216     279     614    49,0
   1217     302     614    45,0
   1218     301     615    41,0
   1219     293     615    45,0
   1220     319     616    47,0
   1221     313     616    43,0
   1222     302     617    48,0
   1223     310     617    37,0
   1224     308     618    44,0
   1225     328     618    34,0
   1226     324     619    34,0
   1227     333     619    40,0
   1228     333     620    42,0
   1229     348     620    34,0
   1230     359     621    40,0
   1231     369     621    46,0
   1232     345     622    42,0
   1233     386     622    31,0
   1234     428     623    30,0
   1235     439     623    32,0
   1236     517     624    39,0
   1237     542     624    39,0
   1238     605     625    36,0
   1239     626     625    38,0
   1240     764     626    35,0
   1241     800     626    37,0
   1242     902     627    37,0
   1243    1000     627    43,0
   1244    1158     628    36,0
   1245    1252     628    38,0
   1246    1471     629    26,0
   1247    1758     629    38,0
   1248    2028     630    45,0
   1249    2254     630    35,0
   1250    2684     631    30,0
   1251    3254     631    44,0
   1252    3855     632    39,0
   1253    4500     632    40,0
   1254    5402     633    27,0
   1255    6526     633    39,0
   1256    7594     634    55,0
   1257    8476     634    35,0
   1258    9800     635    53,0
   1259   10753     635    59,0
   1260   11671     636    46,0
   1261   12610     636    68,0
   1262   13073     637    52,0
   1263   13630     637    58,0
   1264   13999     638    59,0
   1265   14171     638    68,0
   1266   14039     639    47,0
   1267   13980     639    64,0
   1268   13452     640    50,0
   1269   13444     640    59,0
   1270   12820     641    55,0
   1271   12312     641    54,0
   1272   11869     642    59,0
   1273   11412     642    38,0
   1274   10663     643    43,0
   1275   10385     643    54,0
   1276    9906     644    55,0
   1277    9407     644    43,0
   1278    8772     645    63,0
   1279    8336     645    45,0
   1280    7717     646    45,0
   1281    6971     646    40,0
   1282    6416     647    33,0
   1283    5687     647    32,0
   1284    4799     648    39,0
   1285    4107     648    40,0
   1286    3394     649    39,0
   1287    2795     649    28,0
   1288    2393     650    32,0
   1289    2063     650    26,0
   1290    1777     651    30,0
   1291    1608     651    32,0
   1292    1295     652    27,0
   1293    1170     652    22,0
   1294    1055     652    29,0
   1295     919     653    26,0
   1296     758     653    31,0
   1297     584     654    39,0
   1298     551     654    21,0
   1299     463     655    30,0
   1300     408     655    27,0
   1301     317     656    34,0
   1302     324     656    28,0
   1303     318     657    37,0
   1304     300     657    25,0
   1305     281     658    35,0
   1306     226     658    27,0
   1307     210     659    34,0
   1308     222     659    30,0
   1309     223     660    28,0
   1310     192     660    30,0
   1311     195     661    29,0
   1312     196     661    29,0
   1313     211     662    29,0
   1314     200     662    38,0
   1315     203     663    19,0
   1316     197     663    30,0
   1317     229     664    25,0
   1318     229     664    31,0
   1319     216     665    35,0
   1320     228     665    38,0
   1321     221     666    34,0
   1322     230     666    25,0
   1323     243     667    27,0
   1324     231     667    27,0
   1325     238     668    29,0
   1326     247     668    30,0
   1327     245     669    35,0
   1328     270     669    24,0
   1329     275     670    31,0
   1330     265     670    37,0
   1331     267     671    28,0
   1332     257     671    37,0
   1333     250     672    21,0
   1334     241     672    26,0
   1335     228     673    20,0
   1336     217     673    40,0
   1337     233     674    33,0
   1338     221     674    26,0
   1339     198     675    22,0
   1340     199     675    37,0
   1341     223     676    17,0
   1342     196     676    29,0
   1343     221     677    23,0
   1344     157     677    31,0
   1345     197     678    26,0
   1346     184     678    23,0
   1347     168     679    23,0
   1348     190     679    19,0
   1349     160     680    28,0
   1350     134     680    22,0
   1354    67,3     682    33,6
   1359     168     685    33,6
   1364     202     687     0,0
   1369     168     690     0,0
   1374    67,3     692     0,0
   1379     101     695     0,0
   1384     135     697    33,6
   1389     101     700    33,6
   1394     101     702    33,6
   1399     101     704    33,6
   1404     135     707     0,0
   1409     101     709     0,0
   1414     101     712     0,0
   1419     135     714     0,0
   1424     135     717     0,0
   1429     202     719     0,0
   1434     235     722     0,0
   1439     370     724    33,6
   1444     471     727    33,6
   1449     606     729    33,6
   1454     572     732    33,6
   1459     370     734    33,6
   1464     235     737    33,6
   1469     202     739    33,6
   1474     235     742     0,0
   1479     135     744     0,0
   1484    67,3     747     0,0
   1489    67,3     749    33,6
   1494     101     752     0,0
   1499     101     754     0,0
   1504     101     757    33,6
   1509     135     759    33,6
   1514    67,3     761    33,6
   1519    33,6     764     0,0
   1524     101     766     0,0
   1529     269     769    33,6
   1534     269     771    33,6
   1539     168     774    33,6
   1544     101     776    33,6
   1549    33,6     779    33,6
   1554    67,3     781    33,6
   1559    67,3     784     0,0
   1564     101     786    33,6
   1569     101     789    33,6
   1574    67,3     791    33,6
   1579    67,3     794     0,0
   1584    33,6     796     0,0
   1589     0,0     799    33,6
   1594    67,3     801    33,6
   1599     101     804     0,0
   1604     101     806     0,0
   1609    33,6     809     0,0
   1614     0,0     811     0,0
   1619     101     813     0,0
   1624    67,3     816     0,0
   1629    67,3     818    33,6
   1634    67,3     821    33,6
   1639    33,6     823     0,0
   1644    33,6     826    33,6
   1649     0,0     828     0,0
   1654     0,0     831     0,0
   1659    33,6     833     0,0
   1660    57,0     834    20,0
   1662    57,0     835    10,0
   1664    63,0     836    12,0
   1666    50,0     837    11,0
   1668    45,0     838    11,0
   1670    56,0     839    19,0
   1672    50,0     840    19,0
   1674    52,0     841    13,0
   1676    56,0     842    13,0
   1678    57,0     843    16,0
   1680    52,0     844    12,0
   1682    39,0     845    20,0
   1685    49,0     846    14,0
   1687    43,0     847    20,0
   1689    46,0     848    18,0
   1691    44,0     849    15,0
   1693    40,0     850    12,0
   1695    49,0     851    17,0
   1697    47,0     852    15,0
   1699    45,0     853    12,0
   1701    41,0     854    12,0
   1703    45,0     855    16,0
   1705    48,0     856     8,0
   1707    47,0     857    19,0
   1709    41,0     858    12,0
   1711    45,0     859    14,0
   1713    47,0     860    11,0
   1715    30,0     861    22,0
   1717    45,0     862    17,0
   1719    45,0     863    14,0
   1721    47,0     864    14,0
   1723    36,0     865    21,0
   1725    46,0     866    13,0
   1727    53,0     867    16,0
   1729    46,0     868    12,0
   1731    46,0     869    12,0
   1733    26,0     870     9,0
   1735    51,0     871    13,0
   1737    56,0     872    18,0
   1739    50,0     873    18,0
   1741    42,0     874    13,0
   1743    49,0     875     9,0
   1745    49,0     876    13,0
   1747    54,0     877     8,0
   1749    68,0     878    16,0
   1751    57,0     879     8,0
   1753    54,0     880    12,0
   1755    37,0     881    13,0
   1757    42,0     882    18,0
   1759    36,0     883    18,0
   1761    49,0     884    13,0
   1763    50,0     885     6,0
   1765    43,0     886    15,0
   1767    35,0     887    15,0
   1769    35,0     888    15,0
   1771    37,0     889    22,0
   1773    41,0     890    12,0
   1775    37,0     891    17,0
   1777    31,0     892    28,0
   1780    39,0     893    27,0
   1782    37,0     894    23,0
   1784    40,0     895    35,0
   1786    39,0     896    37,0
   1788    23,0     897    43,0
   1790    32,0     898    33,0
   1792    29,0     899    36,0
   1794    43,0     900    36,0
   1796    42,0     901    31,0
   1798    49,0     902    47,0
   1800    30,0     903    33,0
   1802    25,0     904    33,0
   1804    38,0     905    29,0
   1806    38,0     906    23,0
   1808    32,0     907    12,0
   1810    39,0     908    17,0
   1812    28,0     909    12,0
   1814    34,0     910    18,0
   1816    41,0     911    23,0
   1818    36,0     912    17,0
   1820    39,0     913    22,0
   1822    34,0     914    31,0
   1824    37,0     915    46,0
   1826    41,0     916    28,0
   1828    29,0     917    52,0
   1830    25,0     918    51,0
   1832    46,0     919    64,0
   1834    44,0     920    76,0
   1836    46,0     921    90,0
   1838    52,0     922     109
   1840    46,0     923     107
   1842    34,0     924     117
   1844    45,0     925     100
   1846    34,0     926    85,0
   1848    44,0     927    68,0
   1850    50,0     928    66,0
   1852    43,0     929    55,0
   1854    39,0     930    57,0
   1856    27,0     931    38,0
   1858    38,0     932    30,0
   1860    28,0     933    18,0
   1862    32,0     934    21,0
   1864    40,0     935    20,0
   1866    33,0     936    16,0
   1868    26,0     937     5,0
   1870    33,0     938    13,0
   1872    38,0     939    13,0
   1874    31,0     940     9,0
   1876    27,0     941     8,0
   1878    38,0     942    15,0
   1880    28,0     943    12,0
   1882    27,0     944    12,0
   1884    34,0     945    16,0
   1886    28,0     946    11,0
   1888    26,0     947    11,0
   1890    24,0     948     3,0
   1892    33,0     949    10,0
   1894    19,0     950     8,0
   1896    29,0     951    20,0
   1898    28,0     952    12,0
   1900    27,0     953     9,0
   1902    28,0     954    12,0
   1904    35,0     955     7,0
   1906    21,0     956     7,0
   1908    19,0     957    20,0
   1910    26,0     958    16,0
   1912    25,0     959    10,0
   1914    35,0     960    13,0
   1916    29,0     961     8,0
   1918    28,0     962     7,0
   1920    35,0     963    14,0
   1922    57,0     964     8,0
   1924    62,0     965     6,0
   1926    74,0     966     5,0
   1928    80,0     967     5,0
   1930    72,0     968    13,0
   1932    79,0     969     7,0
   1934    66,0     970     9,0
   1936    65,0     971    12,0
   1938    68,0     972    14,0
   1940    51,0     973    15,0
   1942    43,0     974    11,0
   1944    36,0     975     9,0
   1946    36,0     976    10,0
   1948    30,0     977     5,0
   1950    35,0     978    10,0
   1952    36,0     979    13,0
   1954    26,0     980    16,0
   1956    27,0     981     7,0
   1958    24,0     982     8,0
   1961    24,0     983    10,0
   1963    33,0     984    14,0
   1965    31,0     985    10,0
   1967    27,0     986     9,0
   1969    27,0     987    14,0
   1971    28,0     988     7,0
   1973    22,0     989     7,0
   1975    23,0     990    14,0
   1977    25,0     991     7,0
   1979    26,0     992     9,0
   1981    22,0     993    10,0
   1983    25,0     994    11,0
   1985    20,0     995    15,0
   1987    20,0     996     9,0
   1989    31,0     997     8,0
   1991    32,0     998     6,0
   1993    29,0     999     4,0
   1995    32,0    1000    12,0
   1997    34,0    1001     9,0
   1999    30,0    1002     2,0
   2001    28,0    1003    14,0
   2003    28,0    1004     5,0
   2005    27,0    1005     6,0
   2007    21,0    1006    10,0
   2009    33,0    1007    20,0
   2011    33,0    1008     6,0
   2013    22,0    1009    10,0
   2015    31,0    1010    15,0
   2017    28,0    1011     8,0
   2019    24,0    1012     4,0
   2021    37,0    1013     9,0
   2023    26,0    1014    10,0
   2025    24,0    1015     9,0
   2027    31,0    1016     9,0
   2029    34,0    1017     6,0
   2031    19,0    1018     8,0
   2033    27,0    1019    10,0
   2035    24,0    1020     9,0
   2037    29,0    1021     8,0
   2039    20,0    1022     7,0
   2041    20,0    1023     9,0
   2043    23,0    1024     9,0
   2045    19,0    1025    13,0
   2047    26,0    1026     9,0
   2049    24,0    1027    16,0
   2051    28,0    1028    10,0
   2053    26,0    1029    18,0
   2055    18,0    1030    10,0
   2057    26,0    1031    11,0
   2059    25,0    1032    14,0
   2061    28,0    1033    13,0
   2063    16,0    1034    20,0
   2065    26,0    1035    26,0
   2067    30,0    1036    29,0
   2069    18,0    1037    29,0
   2071    24,0    1038    34,0
   2073    25,0    1039    29,0
   2075    31,0    1040    34,0
   2077    24,0    1041    32,0
   2079    25,0    1042    20,0
   2081    23,0    1043    23,0
   2083    26,0    1044    29,0
   2085    20,0    1045    16,0
   2087    33,0    1046    19,0
   2089    23,0    1047    19,0
   2091    26,0    1048    17,0
   2093    29,0    1049    14,0
   2095    25,0    1050     8,0
   2097    30,0    1051    26,0
   2099    22,0    1052    27,0
   2101    24,0    1053    20,0
   2103    22,0    1054    28,0
   2105    20,0    1055    30,0
   2107    21,0    1056    23,0
   2109    19,0    1057    41,0
   2111    37,0    1058    51,0
   2113    25,0    1059    66,0
   2115    37,0    1060    82,0
   2117    32,0    1061     113
   2119    34,0    1062     116
   2121    31,0    1063     159
   2123    44,0    1064     210
   2125    53,0    1065     251
   2127    56,0    1066     269
   2129    37,0    1067     317
   2131    42,0    1068     270
   2133    58,0    1069     288
   2135    43,0    1070     273
   2137    42,0    1071     215
   2139    41,0    1072     199
   2141    44,0    1073     180
   2143    40,0    1074     213
   2145    40,0    1075     218
   2147    52,0    1076     254
   2149    51,0    1077     275
   2151    67,0    1078     372
   2153    68,0    1079     510
   2155    85,0    1080     591
   2158    79,0    1081     619
   2160    86,0    1082     623
   2162    93,0    1083     522
   2164    66,0    1084     412
   2166    54,0    1085     313
   2168    41,0    1086     287
   2170    47,0    1087     215
   2172    27,0    1088     120
   2174    38,0    1089    69,0
   2176    33,0    1090    41,0
   2178    14,0    1091    36,0
   2180    12,0    1092    23,0
   2182    18,0    1093    15,0
   2184    14,0    1094    22,0
   2186    25,0    1095    29,0
   2188    21,0    1096    25,0
   2190    17,0    1097    18,0
   2192    32,0    1098    35,0
   2194    28,0    1099    36,0
   2196    19,0    1100    36,0
   2198    29,0    1101    35,0
   2200    16,0    1102    44,0
   2202    26,0    1103    58,0
   2204    20,0    1104    64,0
   2206    22,0    1105    66,0
   2208    22,0    1106    56,0
   2210    24,0    1107    58,0
   2212    23,0    1108    48,0
   2214    25,0    1109    49,0
   2216    22,0    1110    37,0
   2218    25,0    1111    29,0
   2220    20,0    1112    38,0
   2222    18,0    1113    21,0
   2224    13,0    1114    20,0
   2226    21,0    1115    16,0
   2228    21,0    1116    12,0
   2230     6,0    1117    12,0
   2232    16,0    1118    13,0
   2234    10,0    1119     8,0
   2236    20,0    1120    11,0
   2238    10,0    1121     9,0
   2240    11,0    1122    11,0
   2242    20,0    1123     5,0
   2244    14,0    1124     7,0
   2246    11,0    1125     5,0
   2248    18,0    1126     9,0
   2250    19,0    1127     6,0
   2252    13,0    1128     9,0
   2254    16,0    1129     4,0
   2256    13,0    1130    10,0
   2258    23,0    1131     8,0
   2260    13,0    1132     5,0
   2262    13,0    1133     4,0
   2264    27,0    1134     8,0
   2266    15,0    1135     5,0
   2268    14,0    1136     6,0
   2270    17,0    1137    12,0
   2272    14,0    1138     2,0
   2274    14,0    1139    10,0
   2276    20,0    1140     6,0
   2278    13,0    1141     5,0
   2280    19,0    1142     3,0
   2282    18,0    1143     6,0
   2284    12,0    1144    14,0
   2286    17,0    1145     6,0
   2288    16,0    1146     5,0
   2290    13,0    1147     7,0
   2292    17,0    1148     8,0
   2294    14,0    1149    18,0
   2296    15,0    1150     9,0
   2298    14,0    1151     9,0
   2300    10,0    1152    10,0
   2302    17,0    1153     8,0
   2304    14,0    1154     6,0
   2306    21,0    1155     2,0
   2308    18,0    1156     7,0
   2310     8,0    1157     6,0
   2312    12,0    1158     2,0
   2314    13,0    1159     8,0
   2316    10,0    1160    10,0
   2318    12,0    1161    10,0
   2320    15,0    1162     7,0
   2322    18,0    1163     7,0
   2324    19,0    1164     2,0
   2326    15,0    1165     5,0
   2328    18,0    1166     6,0
   2330    11,0    1167     5,0
   2332    22,0    1168     9,0
   2334    11,0    1169     6,0
   2336    15,0    1170    11,0
   2338    11,0    1171    15,0
   2340    16,0    1172    15,0
   2342    10,0    1173    12,0
   2345    15,0    1174    11,0
   2347    15,0    1175    10,0
   2349    13,0    1176    12,0
   2351    17,0    1177    11,0
   2353    14,0    1178    13,0
   2355     9,0    1179     9,0
   2357    15,0    1180     4,0
   2359    10,0    1181     8,0
   2361    10,0    1182     8,0
   2363    17,0    1183     8,0
   2365    15,0    1184     4,0
   2367    17,0    1185    11,0
   2369    11,0    1186     4,0
   2371    16,0    1187     5,0
   2373     8,0    1188     8,0
   2375    19,0    1189     8,0
   2377     6,0    1190     9,0
   2379    16,0    1191     8,0
   2381    11,0    1192     5,0
   2383    11,0    1193     7,0
   2385    12,0    1194     8,0
   2387    11,0    1195    10,0
   2389    13,0    1196    12,0
   2391    12,0    1197    14,0
   2393    10,0    1198    11,0
   2395    12,0    1199    13,0
   2397    13,0    1200    15,0
   2399     9,0    1201    17,0
   2401    19,0    1202    18,0
   2403    11,0    1203    19,0
   2405     6,0    1204    12,0
   2407    12,0    1205    12,0
   2409    10,0    1206     7,0
   2411    14,0    1207    13,0
   2413    11,0    1208     8,0
   2415    11,0    1209     7,0
   2417     8,0    1210     4,0
   2419    10,0    1211     3,0
   2421    10,0    1212     8,0
   2423    10,0    1213    12,0
   2425    12,0    1214     8,0
   2427     7,0    1215     8,0
   2429     9,0    1216     7,0
   2431    12,0    1217     5,0
   2433    15,0    1218    12,0
   2435    14,0    1219     9,0
   2437    19,0    1220     2,0
   2439     8,0    1221     6,0
   2441     6,0    1222     6,0
   2443    11,0    1223     8,0
   2445    16,0    1224     5,0
   2447    11,0    1225     3,0
   2449    13,0    1226     8,0
   2451     9,0    1227     8,0
   2453     9,0    1228     5,0
   2455    11,0    1229     5,0
   2457    16,0    1230    10,0
   2459    12,0    1231     4,0
   2461     9,0    1232     8,0
   2463    14,0    1233     6,0
   2465    15,0    1234     5,0
   2467     7,0    1235     4,0
   2469     7,0    1236     8,0
   2471    15,0    1237     5,0
   2473    10,0    1238    10,0
   2475    12,0    1239     5,0
   2477     7,0    1240     8,0
   2479     7,0    1241     8,0
   2481     8,0    1242     4,0
   2483    15,0    1243     4,0
   2485    11,0    1244     5,0
   2487    12,0    1245    16,0
   2489     8,0    1246     6,0
   2491     9,0    1247     6,0
   2493     8,0    1248     7,0
   2495     8,0    1249     9,0
   2497     8,0    1250    11,0
   2499    13,0    1251     5,0
   2501    10,0    1252    16,0
   2503    13,0    1253     2,0
   2505    13,0    1254    13,0
   2507    18,0    1255     9,0
   2509    18,0    1256     8,0
   2511    17,0    1257    15,0
   2513     8,0    1258     7,0
   2515    17,0    1259    12,0
   2517    16,0    1260     7,0
   2519     9,0    1261    10,0
   2521    12,0    1262    11,0
   2523    11,0    1263    12,0
   2525    10,0    1264    18,0
   2527     8,0    1265    32,0
   2529    11,0    1266    34,0
   2531     7,0    1267    57,0
   2533    11,0    1268    82,0
   2535    20,0    1269     158
   2537    27,0    1270     207
   2539    32,0    1271     279
   2541    41,0    1272     434
   2543    51,0    1273     600
   2545    55,0    1274     635
   2547    63,0    1275     525
   2549    50,0    1276     436
   2552    35,0    1277     392
   2554    46,0    1278     300
   2556    30,0    1279     165
   2558    28,0    1280     121
   2560    14,0    1281    75,0
   2562    20,0    1282    48,0
   2564    14,0    1283    65,0
   2566    12,0    1284    89,0
   2568    17,0    1285    89,0
   2570    20,0    1286    71,0
   2571    13,0    1287    76,0
   2573    16,0    1288    57,0
   2575    15,0    1289    41,0
   2577    11,0    1290    32,0
   2579     7,0    1291    21,0
   2581    12,0    1292    13,0
   2583    11,0    1293    10,0
   2585    12,0    1294    10,0
   2587     9,0    1295     9,0
   2589     9,0    1296     7,0
   2591    11,0    1297     7,0
   2594    13,0    1298     4,0
   2596    13,0    1299     8,0
   2598     9,0    1300     8,0
   2600     8,0    1301     9,0
   2602    10,0    1302    12,0
   2604    12,0    1303     7,0
   2606     9,0    1304     6,0
   2608    12,0    1305     4,0
   2610    15,0    1306     6,0
   2612    10,0    1307     6,0
   2614     3,0    1308     6,0
   2616    12,0    1309     5,0
   2618     9,0    1310     8,0
   2620     7,0    1311     8,0
   2622     7,0    1312     3,0
   2624    10,0    1313     6,0
   2626     6,0    1314     5,0
   2628     4,0    1315    10,0
   2630     4,0    1316     5,0
   2632     4,0    1317     1,0
   2634    11,0    1318     4,0
   2636     5,0    1319     2,0
   2638     6,0    1320     2,0
   2640     5,0    1321     6,0
   2642     8,0    1322     3,0
   2644     4,0    1323     2,0
   2646    11,0    1324     5,0
   2648     8,0    1325     7,0
   2650    10,0    1326     4,0
   2652     9,0    1327     2,0
   2654     8,0    1328     4,0
   2656     7,0    1329     4,0
   2658     5,0    1330     3,0
   2660     8,0    1331     6,0
   2662    13,0    1332     7,0
   2664     7,0    1333     8,0
   2666    14,0    1334     3,0
   2668    12,0    1335     8,0
   2670     6,0    1336     4,0
   2672    12,0    1337     9,0
   2674     9,0    1338    12,0
   2676    10,0    1339     8,0
   2678     5,0    1340     5,0
   2680     8,0    1341     8,0
   2682     7,0    1342     8,0
   2684    12,0    1343     9,0
   2686    12,0    1344    11,0
   2688     8,0    1345     9,0
   2690     8,0    1346     4,0
   2692     9,0    1347     5,0
   2694     5,0    1348     4,0
   2696     8,0    1349     5,0
   2698     5,0    1350     4,0
   2699     0,0    1351     0,0
   2704     0,0    1353     0,0
   2709     0,0    1356    33,6
   2714     0,0    1358     0,0
   2719    33,6    1360     0,0
   2724     0,0    1363     0,0
   2729    33,6    1365     0,0
   2734    33,6    1368     0,0
   2739    33,6    1370     0,0
   2744    33,6    1373     0,0
   2749     0,0    1375     0,0
   2754     0,0    1378     0,0
   2759     0,0    1380     0,0
   2764     0,0    1383     0,0
   2769     0,0    1385     0,0
   2774     0,0    1388     0,0
   2779     0,0    1390     0,0
   2784     0,0    1393     0,0
   2789     0,0    1395    33,6
   2794     0,0    1398     0,0
   2799     0,0    1400     0,0
   2804     0,0    1403    33,6
   2809     0,0    1405     0,0
   2814    33,6    1408     0,0
   2819     0,0    1410     0,0
   2824     0,0    1413     0,0
   2829     0,0    1415     0,0
   2834     0,0    1418    33,6
   2839    33,6    1420     0,0
   2844     0,0    1422     0,0
   2849     0,0    1425     0,0
   2854     0,0    1427     0,0
   2859     0,0    1430     0,0
   2864    33,6    1432    33,6
   2869     0,0    1435     0,0
   2874    33,6    1437    33,6
   2879     0,0    1440     0,0
   2884     0,0    1442     0,0
   2889     0,0    1445     0,0
   2894     0,0    1447     0,0
   2899     0,0    1450     0,0
   2904     0,0    1452     0,0
   2909     0,0    1455     0,0
   2914    33,6    1457    33,6
   2919     0,0    1460    33,6
   2924     0,0    1462     0,0
   2929     0,0    1465     0,0
   2934     0,0    1467     0,0
   2939     0,0    1470     0,0
   2944     0,0    1472     0,0
   2949     0,0    1475     0,0
   2954     0,0    1477     0,0
   2959    33,6    1480     0,0
   2964     0,0    1482     0,0
   2969     0,0    1485     0,0
   2974     0,0    1487     0,0
   2979     0,0    1490     0,0
   2984     0,0    1492     0,0
   2989    33,6    1495    33,6
   2994     0,0    1498     0,0
   2999     0,0    1500     0,0
   3004     0,0    1502     0,0
   3009     0,0    1505     0,0
   3014     0,0    1508     0,0
   3019     0,0    1510     0,0
   3024    33,6    1512    33,6
   3029     0,0    1515     0,0
   3034     0,0    1518     0,0
   3039     0,0    1520     0,0
   3044     0,0    1522     0,0
   3049     0,0    1525     0,0
   3054     0,0    1528     0,0
   3059     0,0    1530     0,0
   3064     0,0    1533     0,0
   3069     0,0    1535    33,6
   3074     0,0    1538     0,0
   3079     0,0    1540     0,0
   3084     0,0    1543     0,0
   3089     0,0    1545     0,0
   3094     0,0    1548     0,0
   3099    33,6    1550     0,0
   3104     0,0    1553     0,0
   3109     0,0    1555     0,0
   3114     0,0    1558     0,0
   3119     0,0    1560     0,0
   3124     0,0    1563     0,0
   3129     0,0    1565     0,0
   3134     0,0    1568     0,0
   3139     0,0    1570     0,0
   3144     0,0    1573     0,0
   3149    33,6    1575     0,0
