07.12.2024   N1106
Образец: "Осмич"
LiF200
Трубка: "40,0/0,100"
        Отр1            Отр2
   [мА]  [Имп/с]   [мА]  [Имп/с]
    834     168     425    67,2
    839     303     427    33,6
    844     336     430    33,6
    849     303     432    33,6
    854     269     435    33,6
    859     235     437     0,0
    864     235     440     0,0
    869     235     442     0,0
    874     269     445     0,0
    879     235     447     0,0
    884     235     450    33,6
    889     235     452    33,6
    894     269     455    33,6
    899     269     457     0,0
    904     235     460     0,0
    909     269     462     0,0
    914     235     465     0,0
    919     269     467     0,0
    924     336     469     0,0
    929     336     472    33,6
    934     336     474    33,6
    939     303     477    33,6
    944     269     479    33,6
    949     269     482    33,6
    954     336     484    33,6
    959     437     487    33,6
    964     504     489    33,6
    969     572     492    33,6
    974     605     494    33,6
    979     773     497    33,6
    984     941     499    33,6
    989    1076     502    33,6
    994    1109     504    33,6
    999    1244     507    33,6
   1004    1546     509    33,6
   1009    1782     511    33,6
   1014    1916     514    33,6
   1019    1681     516    33,6
   1024    1177     519     0,0
   1029     840     521    33,6
   1034     538     524    33,6
   1039     336     526    33,6
   1044     269     529    33,6
   1049     269     531    33,6
   1054     269     534    33,6
   1059     235     536    33,6
   1064     235     538    33,6
   1069     235     541    33,6
   1074     269     543    33,6
   1079     269     546    33,6
   1084     303     548    33,6
   1089     336     551    33,6
   1094     403     553    33,6
   1099     403     556    33,6
   1104     370     558    33,6
   1109     437     561    33,6
   1114     471     563    33,6
   1119     572     566    33,6
   1124     605     568    33,6
   1129     706     571    33,6
   1134     975     573    33,6
   1139    1378     576     0,0
   1144    2320     578     0,0
   1149    3496     581    33,6
   1154    5144     583    33,6
   1159    5984     586    33,6
   1164    6253     588    33,6
   1169    6455     591    33,6
   1174    7430     593    33,6
   1179    9480     596    67,2
   1184   10926     598    67,2
   1189   10086     601     101
   1194    7799     603    67,2
   1199    5043     606    67,2
   1204    3194     608    33,6
   1209    1950     610    33,6
   1214    1109     613     0,0
   1219     605     615     0,0
   1224     303     618     0,0
   1229     235     620     0,0
   1234     269     623    33,6
   1239     235     625    33,6
   1244     202     628     0,0
   1249     134     630     0,0
   1254     101     633    33,6
   1259     134     635    33,6
   1264     134     638    33,6
   1269     134     640    33,6
   1274     168     643    33,6
   1279     168     645    33,6
   1284     168     648    33,6
   1289     101     650     0,0
   1294    67,2     652     0,0
   1299     101     655     0,0
   1304     235     657     0,0
   1309     269     660    33,6
   1314     403     662    33,6
   1319     437     665    33,6
   1324     403     667    33,6
   1329     303     670    33,6
   1334     336     672     0,0
   1339     235     675     0,0
   1344     235     677     0,0
   1349     303     680     0,0
   1354     269     682     0,0
   1359     403     685     0,0
   1364    1580     687     0,0
   1369    4740     690    33,6
   1374    9043     692    33,6
   1379   12002     695    33,6
   1384   11834     697    33,6
   1389    9010     700     0,0
   1394    5581     702     0,0
   1399    2757     704    33,6
   1404    1076     707    33,6
   1409     403     709    33,6
   1414     303     712    33,6
   1419     202     714     0,0
   1424     168     717     0,0
   1429     134     719     0,0
   1434     134     722     0,0
   1439     101     724    33,6
   1444     101     727    33,6
   1449     134     729    33,6
   1454     101     732    33,6
   1459     101     734    33,6
   1464    67,2     737    33,6
   1469    67,2     739     0,0
   1474    67,2     742     0,0
   1479     101     744    33,6
   1484    67,2     747    33,6
   1489     101     749    33,6
   1494    67,2     752     0,0
   1499    67,2     754     0,0
   1504    67,2     757    33,6
   1509    67,2     759    33,6
   1514    67,2     761     0,0
   1519     101     764     0,0
   1524     168     766     0,0
   1529     202     769     0,0
   1534     202     771     0,0
   1539     202     774     0,0
   1544     168     776     0,0
   1549     101     779    33,6
   1554    67,2     781    33,6
   1559     134     784    33,6
   1564     202     786     0,0
   1569     303     789     0,0
   1574     370     791     0,0
   1579     303     794     0,0
   1584     235     796     0,0
   1589     168     799     0,0
   1594    67,2     801     0,0
   1599    33,6     804     0,0
   1604    67,2     806     0,0
   1609    33,6     809     0,0
   1614    33,6     811    33,6
   1619     134     813    33,6
   1624     101     816    33,6
   1629     0,0     818     0,0
   1634    33,6     821     0,0
   1639    33,6     823     0,0
   1644    33,6     826     0,0
   1649     0,0     828     0,0
   1654    67,2     831     0,0
   1659    67,2     833     0,0
   1660    40,0     834    13,0
   1662    38,0     835     7,0
   1664    52,0     836     8,0
   1666    55,0     837     8,0
   1668    46,0     838    12,0
   1670    46,0     839    10,0
   1672    38,0     840     6,0
   1674    45,0     841    22,0
   1676    46,0     842    13,0
   1678    24,0     843    13,0
   1680    31,0     844     8,0
   1682    44,0     845     6,0
   1685    43,0     846    11,0
   1687    29,0     847    12,0
   1689    28,0     848     9,0
   1691    42,0     849     9,0
   1693    32,0     850    15,0
   1695    27,0     851     5,0
   1697    38,0     852     9,0
   1699    30,0     853     8,0
   1701    32,0     854     8,0
   1703    30,0     855    11,0
   1705    37,0     856     5,0
   1707    30,0     857    17,0
   1709    36,0     858     8,0
   1711    37,0     859    11,0
   1713    32,0     860     9,0
   1715    30,0     861     9,0
   1717    39,0     862    10,0
   1719    39,0     863     9,0
   1721    43,0     864    11,0
   1723    30,0     865     6,0
   1725    40,0     866    10,0
   1727    35,0     867     7,0
   1729    33,0     868     9,0
   1731    31,0     869    10,0
   1733    32,0     870    13,0
   1735    34,0     871    10,0
   1737    30,0     872     6,0
   1739    43,0     873     8,0
   1741    30,0     874    10,0
   1743    36,0     875    10,0
   1745    38,0     876     8,0
   1747    25,0     877     3,0
   1749    43,0     878     8,0
   1751    37,0     879     6,0
   1753    35,0     880     6,0
   1755    43,0     881     8,0
   1757    36,0     882     6,0
   1759    25,0     883    11,0
   1761    39,0     884     4,0
   1763    38,0     885     9,0
   1765    25,0     886     6,0
   1767    27,0     887     3,0
   1769    40,0     888     4,0
   1771    28,0     889     6,0
   1773    40,0     890    12,0
   1775    27,0     891     4,0
   1777    22,0     892     4,0
   1780    28,0     893     9,0
   1782    37,0     894     5,0
   1784    28,0     895     8,0
   1786    28,0     896     6,0
   1788    29,0     897     5,0
   1790    35,0     898     9,0
   1792    34,0     899     9,0
   1794    30,0     900     6,0
   1796    27,0     901     3,0
   1798    26,0     902     3,0
   1800    36,0     903     5,0
   1802    33,0     904     3,0
   1804    25,0     905     8,0
   1806    26,0     906     9,0
   1808    21,0     907     6,0
   1810    29,0     908    12,0
   1812    30,0     909     5,0
   1814    21,0     910     7,0
   1816    21,0     911     5,0
   1818    30,0     912    12,0
   1820    28,0     913    12,0
   1822    25,0     914    10,0
   1824    29,0     915    11,0
   1826    27,0     916     9,0
   1828    34,0     917     7,0
   1830    24,0     918     9,0
   1832    26,0     919     7,0
   1834    34,0     920     4,0
   1836    36,0     921     6,0
   1838    33,0     922     8,0
   1840    19,0     923     3,0
   1842    29,0     924     3,0
   1844    29,0     925     3,0
   1846    22,0     926     6,0
   1848    27,0     927     4,0
   1850    20,0     928    10,0
   1852    27,0     929     6,0
   1854    24,0     930     7,0
   1856    32,0     931     5,0
   1858    30,0     932     7,0
   1860    16,0     933     4,0
   1862    34,0     934    10,0
   1864    23,0     935     5,0
   1866    17,0     936     4,0
   1868    26,0     937     5,0
   1870    26,0     938     3,0
   1872    16,0     939     6,0
   1874    35,0     940     7,0
   1876    25,0     941     8,0
   1878    19,0     942     2,0
   1880    28,0     943     4,0
   1882    25,0     944     7,0
   1884    12,0     945     6,0
   1886    24,0     946     8,0
   1888    25,0     947    13,0
   1890    20,0     948     7,0
   1892    24,0     949     6,0
   1894    21,0     950     9,0
   1896    22,0     951     7,0
   1898    25,0     952     5,0
   1900    25,0     953     9,0
   1902    32,0     954    10,0
   1904    24,0     955    12,0
   1906    29,0     956    15,0
   1908    24,0     957    12,0
   1910    30,0     958     7,0
   1912    27,0     959     7,0
   1914    23,0     960     5,0
   1916    31,0     961     8,0
   1918    28,0     962     7,0
   1920    32,0     963     6,0
   1922    33,0     964    10,0
   1924    43,0     965     5,0
   1926    36,0     966     7,0
   1928    44,0     967     5,0
   1930    53,0     968     7,0
   1932    46,0     969    10,0
   1934    57,0     970     9,0
   1936    51,0     971     7,0
   1938    45,0     972     5,0
   1940    29,0     973     5,0
   1942    30,0     974     6,0
   1944    20,0     975     4,0
   1946    25,0     976     8,0
   1948    22,0     977     4,0
   1950    27,0     978     4,0
   1952    16,0     979     4,0
   1954    16,0     980    11,0
   1956    24,0     981    11,0
   1958    20,0     982    10,0
   1961    18,0     983    19,0
   1963    22,0     984    11,0
   1965    25,0     985     8,0
   1967    26,0     986    18,0
   1969    21,0     987    14,0
   1971    25,0     988    21,0
   1973    30,0     989    28,0
   1975    25,0     990    19,0
   1977    17,0     991    22,0
   1979    22,0     992    24,0
   1981    25,0     993    17,0
   1983    26,0     994    17,0
   1985    23,0     995    19,0
   1987    23,0     996    15,0
   1989    30,0     997    24,0
   1991    33,0     998    17,0
   1993    26,0     999    13,0
   1995    28,0    1000    26,0
   1997    29,0    1001    13,0
   1999    26,0    1002    12,0
   2001    17,0    1003    10,0
   2003    20,0    1004     4,0
   2005    23,0    1005    15,0
   2007    25,0    1006     7,0
   2009    18,0    1007     7,0
   2011    16,0    1008    10,0
   2013    25,0    1009    12,0
   2015    15,0    1010     8,0
   2017    18,0    1011    13,0
   2019    16,0    1012     9,0
   2021    17,0    1013    16,0
   2023    25,0    1014    25,0
   2025    27,0    1015    15,0
   2027    19,0    1016    22,0
   2029    18,0    1017    35,0
   2031    16,0    1018    42,0
   2033    23,0    1019    83,0
   2035    21,0    1020    74,0
   2037    29,0    1021    77,0
   2039    28,0    1022     116
   2041    31,0    1023    93,0
   2043    24,0    1024     101
   2045    37,0    1025    69,0
   2047    20,0    1026    54,0
   2049    27,0    1027    30,0
   2051    29,0    1028    33,0
   2053    29,0    1029    24,0
   2055    15,0    1030    21,0
   2057    17,0    1031    15,0
   2059    25,0    1032    10,0
   2061    16,0    1033    11,0
   2063    13,0    1034     4,0
   2065    18,0    1035     7,0
   2067    14,0    1036    11,0
   2069    14,0    1037     5,0
   2071    15,0    1038     6,0
   2073    14,0    1039     7,0
   2075    15,0    1040     5,0
   2077    23,0    1041     7,0
   2079    12,0    1042     3,0
   2081    12,0    1043     6,0
   2083    27,0    1044     7,0
   2085    25,0    1045     5,0
   2087    26,0    1046     6,0
   2089    12,0    1047     6,0
   2091    24,0    1048     9,0
   2093    17,0    1049     4,0
   2095    19,0    1050     7,0
   2097    14,0    1051     8,0
   2099    10,0    1052    10,0
   2101    17,0    1053     9,0
   2103    15,0    1054     7,0
   2105    22,0    1055     8,0
   2107    18,0    1056     8,0
   2109     9,0    1057     5,0
   2111    15,0    1058    10,0
   2113    15,0    1059     9,0
   2115    13,0    1060     5,0
   2117    12,0    1061     3,0
   2119    19,0    1062     3,0
   2121    15,0    1063     5,0
   2123    15,0    1064     5,0
   2125    12,0    1065     8,0
   2127    16,0    1066     3,0
   2129    11,0    1067     2,0
   2131    12,0    1068     5,0
   2133    11,0    1069     5,0
   2135    12,0    1070     6,0
   2137    13,0    1071    12,0
   2139    11,0    1072     8,0
   2141    12,0    1073    11,0
   2143    15,0    1074     6,0
   2145    21,0    1075     5,0
   2147    10,0    1076     8,0
   2149    14,0    1077     4,0
   2151    12,0    1078     2,0
   2153    15,0    1079     7,0
   2155    10,0    1080     0,0
   2158    13,0    1081     4,0
   2160    10,0    1082     3,0
   2162    15,0    1083     4,0
   2164    22,0    1084     3,0
   2166     7,0    1085     6,0
   2168    13,0    1086     8,0
   2170    12,0    1087     3,0
   2172    16,0    1088    10,0
   2174    14,0    1089     3,0
   2176    13,0    1090     9,0
   2178    13,0    1091     4,0
   2180     9,0    1092     9,0
   2182     6,0    1093     4,0
   2184    11,0    1094     4,0
   2186    15,0    1095     6,0
   2188    15,0    1096     6,0
   2190    13,0    1097     4,0
   2192    14,0    1098     4,0
   2194    19,0    1099     9,0
   2196    13,0    1100     7,0
   2198    14,0    1101     1,0
   2200    14,0    1102     2,0
   2202    20,0    1103     5,0
   2204    19,0    1104     9,0
   2206    15,0    1105     3,0
   2208    13,0    1106     6,0
   2210     8,0    1107     2,0
   2212    10,0    1108     1,0
   2214    17,0    1109     8,0
   2216    15,0    1110     5,0
   2218    15,0    1111     2,0
   2220    11,0    1112     0,0
   2222    10,0    1113     4,0
   2224    13,0    1114     7,0
   2226     7,0    1115     8,0
   2228    13,0    1116     4,0
   2230    11,0    1117     4,0
   2232    15,0    1118     3,0
   2234    11,0    1119     6,0
   2236    16,0    1120     2,0
   2238     8,0    1121     5,0
   2240    10,0    1122     7,0
   2242    16,0    1123    11,0
   2244     8,0    1124     3,0
   2246    12,0    1125     8,0
   2248     8,0    1126     7,0
   2250    11,0    1127     7,0
   2252    15,0    1128     8,0
   2254     7,0    1129     7,0
   2256    12,0    1130     5,0
   2258     7,0    1131    10,0
   2260     8,0    1132     9,0
   2262     9,0    1133     6,0
   2264    10,0    1134     9,0
   2266    10,0    1135    15,0
   2268    12,0    1136    14,0
   2270    14,0    1137    10,0
   2272    15,0    1138     5,0
   2274    10,0    1139    16,0
   2276    12,0    1140    11,0
   2278    14,0    1141    20,0
   2280    12,0    1142     8,0
   2282    17,0    1143     9,0
   2284    11,0    1144     7,0
   2286    10,0    1145    11,0
   2288    10,0    1146    10,0
   2290    13,0    1147     7,0
   2292    15,0    1148    11,0
   2294    13,0    1149     8,0
   2296     9,0    1150     9,0
   2298    11,0    1151     4,0
   2300    13,0    1152     9,0
   2302    13,0    1153     7,0
   2304    12,0    1154    10,0
   2306    12,0    1155     6,0
   2308    20,0    1156    11,0
   2310    14,0    1157    17,0
   2312     9,0    1158    18,0
   2314    13,0    1159    25,0
   2316    16,0    1160    27,0
   2318    11,0    1161    44,0
   2320    24,0    1162    60,0
   2322    18,0    1163    68,0
   2324    12,0    1164    65,0
   2326    25,0    1165     130
   2328    21,0    1166     174
   2330    25,0    1167     179
   2332    31,0    1168     207
   2334    27,0    1169     188
   2336    30,0    1170     165
   2338    33,0    1171     120
   2340    28,0    1172     103
   2342    17,0    1173    78,0
   2345    17,0    1174    86,0
   2347    11,0    1175    72,0
   2349    22,0    1176    70,0
   2351    14,0    1177    74,0
   2353    13,0    1178    79,0
   2355    13,0    1179    62,0
   2357    19,0    1180    50,0
   2359    14,0    1181    53,0
   2361     7,0    1182    28,0
   2363    11,0    1183    19,0
   2365    15,0    1184    27,0
   2367    18,0    1185    26,0
   2369    12,0    1186    25,0
   2371    13,0    1187    34,0
   2373    12,0    1188    50,0
   2375    16,0    1189    75,0
   2377    12,0    1190     103
   2379    23,0    1191     151
   2381    23,0    1192     228
   2383    38,0    1193     359
   2385    54,0    1194     462
   2387    67,0    1195     544
   2389    53,0    1196     455
   2391    46,0    1197     364
   2393    63,0    1198     269
   2395    35,0    1199     195
   2397    35,0    1200     124
   2399    20,0    1201    77,0
   2401    15,0    1202    44,0
   2403     9,0    1203    31,0
   2405     8,0    1204    19,0
   2407    14,0    1205    19,0
   2409    12,0    1206    14,0
   2411     9,0    1207    20,0
   2413     5,0    1208    11,0
   2415    11,0    1209    17,0
   2417     5,0    1210    22,0
   2419     6,0    1211    27,0
   2421    15,0    1212    41,0
   2423    11,0    1213    47,0
   2425    12,0    1214    42,0
   2427     5,0    1215    53,0
   2429    12,0    1216    47,0
   2431    11,0    1217    38,0
   2433    15,0    1218    49,0
   2435    11,0    1219    29,0
   2437     6,0    1220    19,0
   2439    10,0    1221    18,0
   2441     6,0    1222     9,0
   2443     4,0    1223     8,0
   2445     6,0    1224     7,0
   2447     6,0    1225     3,0
   2449     5,0    1226     1,0
   2451     8,0    1227    10,0
   2453     5,0    1228     4,0
   2455    11,0    1229     7,0
   2457    11,0    1230     6,0
   2459    10,0    1231     3,0
   2461     6,0    1232     4,0
   2463     8,0    1233     4,0
   2465     8,0    1234     6,0
   2467    10,0    1235     7,0
   2469     5,0    1236     3,0
   2471     8,0    1237     5,0
   2473     7,0    1238     8,0
   2475     5,0    1239     4,0
   2477     4,0    1240     6,0
   2479     2,0    1241     5,0
   2481     5,0    1242     3,0
   2483     7,0    1243     6,0
   2485     7,0    1244     4,0
   2487     7,0    1245     3,0
   2489     6,0    1246     4,0
   2491     3,0    1247     7,0
   2493     9,0    1248     3,0
   2495    10,0    1249     5,0
   2497     3,0    1250     5,0
   2499     5,0    1251     6,0
   2501    10,0    1252     5,0
   2503     4,0    1253     2,0
   2505     1,0    1254     2,0
   2507     7,0    1255     4,0
   2509     7,0    1256     5,0
   2511    12,0    1257    10,0
   2513     9,0    1258     3,0
   2515     9,0    1259     3,0
   2517     9,0    1260     2,0
   2519     3,0    1261     1,0
   2521     9,0    1262     0,0
   2523     2,0    1263     2,0
   2525     7,0    1264     5,0
   2527     2,0    1265     2,0
   2529     3,0    1266     4,0
   2531     8,0    1267     4,0
   2533     6,0    1268     6,0
   2535     5,0    1269     4,0
   2537     8,0    1270     2,0
   2539     3,0    1271     2,0
   2541     7,0    1272     3,0
   2543     8,0    1273     9,0
   2545     5,0    1274     5,0
   2547     9,0    1275     4,0
   2549     3,0    1276     4,0
   2552     6,0    1277     4,0
   2554    10,0    1278     4,0
   2556    12,0    1279     2,0
   2558     4,0    1280     1,0
   2560    14,0    1281     4,0
   2562    10,0    1282     6,0
   2564     6,0    1283     3,0
   2566     9,0    1284     3,0
   2568     7,0    1285     3,0
   2570     3,0    1286     6,0
   2571     6,0    1287     4,0
   2573     7,0    1288     7,0
   2575     5,0    1289     6,0
   2577     6,0    1290     6,0
   2579    10,0    1291     2,0
   2581     8,0    1292     4,0
   2583     6,0    1293     3,0
   2585     7,0    1294     6,0
   2587     8,0    1295     3,0
   2589     5,0    1296     4,0
   2591     9,0    1297     3,0
   2594     5,0    1298     1,0
   2596     7,0    1299     4,0
   2598     3,0    1300     1,0
   2600     8,0    1301     4,0
   2602     3,0    1302     1,0
   2604     7,0    1303     2,0
   2606     6,0    1304     3,0
   2608     1,0    1305     4,0
   2610     6,0    1306     4,0
   2612     7,0    1307     5,0
   2614     2,0    1308     1,0
   2616     5,0    1309     3,0
   2618     1,0    1310     5,0
   2620     3,0    1311     4,0
   2622     3,0    1312     2,0
   2624     3,0    1313     4,0
   2626     5,0    1314     5,0
   2628     7,0    1315     4,0
   2630     9,0    1316     5,0
   2632     6,0    1317     3,0
   2634     1,0    1318     0,0
   2636     2,0    1319     3,0
   2638     5,0    1320     4,0
   2640     5,0    1321     7,0
   2642     5,0    1322     5,0
   2644     5,0    1323     5,0
   2646     4,0    1324     5,0
   2648     7,0    1325     8,0
   2650    11,0    1326     8,0
   2652    11,0    1327    11,0
   2654     2,0    1328     7,0
   2656    10,0    1329     5,0
   2658     4,0    1330     6,0
   2660     8,0    1331     5,0
   2662     3,0    1332     6,0
   2664     4,0    1333     4,0
   2666     2,0    1334     6,0
   2668     1,0    1335     2,0
   2670    11,0    1336     1,0
   2672     8,0    1337     8,0
   2674    11,0    1338     5,0
   2676     5,0    1339     9,0
   2678     6,0    1340     3,0
   2680    11,0    1341     7,0
   2682     1,0    1342     6,0
   2684     7,0    1343     3,0
   2686     4,0    1344     3,0
   2688     9,0    1345     3,0
   2690     5,0    1346     4,0
   2692     4,0    1347     5,0
   2694     4,0    1348     2,0
   2696     3,0    1349     3,0
   2698     6,0    1350     3,0
   2700     4,0    1351     4,0
   2702     4,0    1352     4,0
   2704     4,0    1353     1,0
   2706     4,0    1354     4,0
   2708     4,0    1355     5,0
   2710     3,0    1356     4,0
   2712     6,0    1357     4,0
   2714     6,0    1358     6,0
   2716     8,0    1359     6,0
   2718     4,0    1360     1,0
   2720     6,0    1361     3,0
   2722     1,0    1362     1,0
   2724     5,0    1363     4,0
   2726     7,0    1364     7,0
   2728     5,0    1365     6,0
   2730     6,0    1366     3,0
   2732     6,0    1367     5,0
   2734     3,0    1368     2,0
   2736     1,0    1369    13,0
   2738     4,0    1370     6,0
   2740     6,0    1371     4,0
   2742     7,0    1372     5,0
   2744     6,0    1373     1,0
   2746     4,0    1374     4,0
   2748     2,0    1375     8,0
   2750     9,0    1376     9,0
   2752     8,0    1377     8,0
   2754     6,0    1378     8,0
   2756     5,0    1379    10,0
   2758     5,0    1380     9,0
   2760     7,0    1381    16,0
   2762     9,0    1382    20,0
   2764     9,0    1383    36,0
   2766    13,0    1384    51,0
   2768    18,0    1385    89,0
   2770    13,0    1386     154
   2772    28,0    1387     258
   2775    28,0    1388     390
   2777    33,0    1389     397
   2779    48,0    1390     370
   2781    36,0    1391     277
   2783    27,0    1392     205
   2785    20,0    1393     112
   2787    15,0    1394    73,0
   2789     6,0    1395    42,0
   2791     2,0    1396    27,0
   2793     4,0    1397    24,0
   2795     7,0    1398    34,0
   2797     4,0    1399    48,0
   2799     6,0    1400    53,0
   2801     8,0    1401    62,0
   2803    11,0    1402    45,0
   2805     8,0    1403    30,0
   2807     7,0    1404    18,0
   2809     7,0    1405    13,0
   2811     5,0    1406     9,0
   2813     6,0    1407     8,0
   2815     6,0    1408     6,0
   2817     2,0    1409     8,0
   2819     6,0    1410     5,0
   2821     3,0    1411     5,0
   2823     3,0    1412     4,0
   2825     0,0    1413     3,0
   2827     2,0    1414     3,0
   2829     3,0    1415     6,0
   2831     2,0    1416     5,0
   2833     2,0    1417     6,0
   2835     6,0    1418     4,0
   2837     7,0    1419     3,0
   2839     3,0    1420     3,0
   2841     4,0    1421     4,0
   2843     2,0    1422     3,0
   2845     4,0    1423     5,0
   2847     2,0    1424     3,0
   2849     3,0    1425     2,0
   2851     4,0    1426     1,0
   2853     2,0    1427     6,0
   2855     4,0    1428     2,0
   2857     4,0    1429     4,0
   2859     5,0    1430     2,0
   2861    10,0    1431     5,0
   2863     4,0    1432     3,0
   2865     3,0    1433     0,0
   2867     5,0    1434     4,0
   2869     4,0    1435     5,0
   2871     2,0    1436     2,0
   2873     5,0    1437     2,0
   2875     3,0    1438     2,0
   2877     4,0    1439     5,0
   2879     2,0    1440     1,0
   2881     5,0    1441     4,0
   2883     4,0    1442     6,0
   2885     5,0    1443     3,0
   2887     5,0    1444     2,0
   2889     5,0    1445     2,0
   2891     3,0    1446     4,0
   2893     1,0    1447     4,0
   2895     6,0    1448     5,0
   2897     4,0    1449     7,0
   2899     3,0    1450     4,0
   2901     4,0    1451     2,0
   2903     6,0    1452     7,0
   2905     4,0    1453     5,0
   2907     4,0    1454     3,0
   2909     1,0    1455     2,0
   2911     2,0    1456     4,0
   2913     5,0    1457     2,0
   2915     2,0    1458     2,0
   2917     2,0    1459     5,0
   2919     2,0    1460     2,0
   2921     6,0    1461     3,0
   2923     5,0    1462     6,0
   2925     5,0    1463     7,0
   2927     8,0    1464     0,0
   2929     0,0    1465     2,0
   2931     1,0    1466     3,0
   2933     1,0    1467     5,0
   2935     2,0    1468     1,0
   2937     3,0    1469     1,0
   2939     3,0    1470     1,0
   2941     2,0    1471     2,0
   2943     0,0    1472     0,0
   2945     5,0    1473     4,0
   2947     5,0    1474     5,0
   2949     1,0    1475     5,0
   2951     3,0    1476     2,0
   2953     2,0    1477     2,0
   2955     2,0    1478     3,0
   2957     3,0    1479     1,0
   2959     1,0    1480     4,0
   2961     3,0    1481     2,0
   2963     3,0    1482     0,0
   2965     5,0    1483     3,0
   2967     3,0    1484     2,0
   2969     3,0    1485     2,0
   2971     1,0    1486     6,0
   2973     4,0    1487     1,0
   2975     4,0    1488     5,0
   2977     2,0    1489     1,0
   2979     3,0    1490     5,0
   2981     2,0    1491     5,0
   2983     1,0    1492     3,0
   2985     4,0    1493     2,0
   2987     3,0    1494     2,0
   2989     5,0    1495     2,0
   2991     4,0    1496     7,0
   2993     4,0    1497     3,0
   2995     1,0    1498     2,0
   2997     0,0    1499     4,0
   2999     0,0    1500     2,0
   3001     1,0    1501     1,0
   3003     2,0    1502     3,0
   3005     2,0    1503     1,0
   3007     3,0    1504     2,0
   3009     5,0    1505     1,0
   3011     3,0    1506     5,0
   3013     1,0    1507     4,0
   3015     5,0    1508     2,0
   3017     0,0    1509     3,0
   3019     3,0    1510     1,0
   3021     1,0    1511     6,0
   3023     1,0    1512     1,0
   3025     7,0    1513     3,0
   3027     1,0    1514     5,0
   3029     0,0    1515     0,0
   3031     1,0    1516     2,0
   3033     1,0    1517     3,0
   3035     1,0    1518     2,0
   3037     2,0    1519     4,0
   3039     0,0    1520     4,0
   3041     0,0    1521     2,0
   3043     3,0    1522     2,0
   3045     3,0    1523     7,0
   3047     2,0    1524     2,0
   3049     2,0    1525     2,0
   3051     3,0    1526     4,0
   3053     5,0    1527     2,0
   3055     2,0    1528     0,0
   3057     1,0    1529     2,0
   3059     5,0    1530     4,0
   3061     1,0    1531     4,0
   3063     0,0    1532     2,0
   3065     6,0    1533     4,0
   3067     1,0    1534     3,0
   3069     3,0    1535     6,0
   3071     2,0    1536     5,0
   3073     2,0    1537     9,0
   3075     2,0    1538    11,0
   3077     0,0    1539     3,0
   3079     1,0    1540     8,0
   3081     0,0    1541    10,0
   3083     1,0    1542     6,0
   3085     1,0    1543     5,0
   3087     2,0    1544    10,0
   3089     1,0    1545     5,0
   3091     3,0    1546     3,0
   3093     1,0    1547     5,0
   3095     2,0    1548     4,0
   3097     1,0    1549     4,0
   3099     0,0    1550     2,0
   3104     0,0    1553     0,0
   3109     0,0    1555     0,0
   3114     0,0    1558     0,0
   3119     0,0    1560     0,0
   3124     0,0    1563     0,0
   3129     0,0    1565     0,0
   3134     0,0    1568     0,0
   3139     0,0    1570     0,0
   3144     0,0    1573     0,0
   3149     0,0    1575     0,0
