07.12.2024   N1106
Образец: "Платина"
LiF200
Трубка: "40,0/0,100"
        Отр1            Отр2
   [мА]  [Имп/с]   [мА]  [Имп/с]
    834     572     425     0,0
    839     437     427    33,6
    844     471     430    33,6
    849     471     432    33,6
    854     471     435    33,6
    859     471     437    33,6
    864     437     440    33,6
    869     404     442    33,6
    874     437     445    33,6
    879     505     447     0,0
    884     538     450    33,6
    889     639     452    33,6
    894     706     455    33,6
    899     774     457    33,6
    904     841     460    33,6
    909     908     462    33,6
    914     976     465    33,6
    919    1076     467    33,6
    924    1177     469    33,6
    929    1447     472    33,6
    934    1749     474    33,6
    939    1985     477    33,6
    944    1985     479    33,6
    949    1850     482    33,6
    954    1447     484    33,6
    959    1043     487    33,6
    964     774     489    33,6
    969     606     492    67,3
    974     505     494    67,3
    979     471     497    67,3
    984     370     499    67,3
    989     336     502    67,3
    994     235     504    33,6
    999     269     507    33,6
   1004     336     509     0,0
   1009     404     511     0,0
   1014     437     514    33,6
   1019     471     516    33,6
   1024     404     519    33,6
   1029     471     521    67,3
   1034     471     524    67,3
   1039     471     526    67,3
   1044     505     529    67,3
   1049     706     531    33,6
   1054     942     534    33,6
   1059    1245     536    33,6
   1064    1648     538    67,3
   1069    2254     541    67,3
   1074    3431     543    67,3
   1079    4878     546    67,3
   1084    6964     548    67,3
   1089    9016     551     101
   1094   10462     553    67,3
   1099   12144     556    67,3
   1104   12649     558    67,3
   1109   11976     561    33,6
   1114    9958     563    33,6
   1119    7401     566    33,6
   1124    5012     568    33,6
   1129    3465     571    33,6
   1134    2153     573    33,6
   1139    1413     576    33,6
   1144     976     578    67,3
   1149     774     581    67,3
   1154     639     583    33,6
   1159     538     586    33,6
   1164     505     588    67,3
   1169     437     591    33,6
   1174     336     593    67,3
   1179     303     596    33,6
   1184     269     598    33,6
   1189     235     601    33,6
   1194     303     603    33,6
   1199     303     606    33,6
   1204     336     608    33,6
   1209     303     610    33,6
   1214     235     613    33,6
   1219     303     615    33,6
   1224     437     618    33,6
   1229     538     620    33,6
   1234     471     623    33,6
   1239     404     625    33,6
   1244     303     628     0,0
   1249     235     630    33,6
   1254     168     633    33,6
   1259     168     635    33,6
   1264     235     638    33,6
   1269     404     640    33,6
   1274     572     643    33,6
   1279     505     645    33,6
   1284    1312     648    33,6
   1289    4474     650    33,6
   1294    9217     652    67,3
   1299   13187     655    67,3
   1304   13153     657    33,6
   1309   11505     660    33,6
   1314    8915     662    33,6
   1319    5315     665     0,0
   1324    2456     667     0,0
   1329    1076     670    33,6
   1334     538     672    33,6
   1339     336     675    33,6
   1344     235     677    33,6
   1349     202     680    33,6
   1354    67,3     682    33,6
   1359     101     685    33,6
   1364     135     687     0,0
   1369     202     690     0,0
   1374     202     692     0,0
   1379     235     695     0,0
   1384     202     697     0,0
   1389     135     700    33,6
   1394     135     702    33,6
   1399     135     704    33,6
   1404     101     707    33,6
   1409    33,6     709    33,6
   1414    67,3     712    33,6
   1419     135     714    33,6
   1424     168     717    33,6
   1429     101     719    33,6
   1434     135     722    33,6
   1439     235     724    33,6
   1444     202     727    33,6
   1449     135     729    33,6
   1454     135     732    33,6
   1459     168     734     0,0
   1464     135     737     0,0
   1469     135     739     0,0
   1474     135     742     0,0
   1479     269     744    33,6
   1484     404     747    33,6
   1489     471     749    33,6
   1494     437     752    33,6
   1499     404     754    33,6
   1504     303     757     0,0
   1509     168     759     0,0
   1514     101     761     0,0
   1519     135     764     0,0
   1524     202     766     0,0
   1529     235     769     0,0
   1534     269     771     0,0
   1539     202     774     0,0
   1544     135     776     0,0
   1549     101     779     0,0
   1554     101     781     0,0
   1559    67,3     784    33,6
   1564    67,3     786    33,6
   1569    67,3     789    33,6
   1574    67,3     791    33,6
   1579    67,3     794     0,0
   1584    67,3     796     0,0
   1589     101     799     0,0
   1594    33,6     801     0,0
   1599    33,6     804     0,0
   1604     0,0     806     0,0
   1609    33,6     809     0,0
   1614    67,3     811    33,6
   1619    67,3     813    33,6
   1624    67,3     816    33,6
   1629    67,3     818     0,0
   1634     135     821    33,6
   1639     101     823    33,6
   1644    67,3     826    33,6
   1649    67,3     828    67,3
   1654    33,6     831    67,3
   1659    67,3     833    33,6
   1664     101     836     0,0
   1669    33,6     838     0,0
   1674     0,0     841     0,0
   1679     0,0     843     0,0
   1684    33,6     846    33,6
   1689    67,3     848     0,0
   1693    47,0     850    11,0
   1695    35,0     851     8,0
   1697    43,0     852     8,0
   1699    33,0     853    12,0
   1701    46,0     854     7,0
   1703    44,0     855     4,0
   1705    47,0     856    10,0
   1707    31,0     857    12,0
   1709    41,0     858    13,0
   1711    48,0     859     9,0
   1713    40,0     860    17,0
   1715    51,0     861     9,0
   1717    38,0     862     9,0
   1719    41,0     863    11,0
   1721    47,0     864    15,0
   1723    34,0     865     4,0
   1725    41,0     866    15,0
   1727    41,0     867    15,0
   1729    39,0     868    16,0
   1731    53,0     869    10,0
   1733    45,0     870    11,0
   1735    51,0     871     9,0
   1737    38,0     872     8,0
   1739    44,0     873    13,0
   1741    49,0     874    14,0
   1743    49,0     875     6,0
   1745    56,0     876    11,0
   1747    41,0     877    11,0
   1749    55,0     878     8,0
   1751    54,0     879     5,0
   1753    32,0     880     9,0
   1755    45,0     881    17,0
   1757    48,0     882    12,0
   1759    34,0     883    10,0
   1761    48,0     884    16,0
   1763    39,0     885    16,0
   1765    38,0     886     4,0
   1767    32,0     887    18,0
   1769    25,0     888     7,0
   1771    40,0     889    14,0
   1773    33,0     890     5,0
   1775    28,0     891    12,0
   1777    42,0     892    14,0
   1780    42,0     893    16,0
   1782    28,0     894    15,0
   1784    34,0     895    14,0
   1786    34,0     896     9,0
   1788    43,0     897    11,0
   1790    45,0     898    21,0
   1792    40,0     899     7,0
   1794    34,0     900     7,0
   1796    42,0     901    17,0
   1798    32,0     902    14,0
   1800    39,0     903     6,0
   1802    39,0     904    12,0
   1804    33,0     905     9,0
   1806    51,0     906     8,0
   1808    47,0     907    11,0
   1810    42,0     908    11,0
   1812    33,0     909    12,0
   1814    35,0     910     8,0
   1816    30,0     911    10,0
   1818    49,0     912    18,0
   1820    40,0     913    11,0
   1822    40,0     914    11,0
   1824    30,0     915    16,0
   1826    36,0     916    18,0
   1828    34,0     917    10,0
   1830    32,0     918    10,0
   1832    28,0     919    12,0
   1834    31,0     920    23,0
   1836    35,0     921    19,0
   1838    24,0     922    10,0
   1840    37,0     923    24,0
   1842    33,0     924    29,0
   1844    31,0     925    28,0
   1846    38,0     926    28,0
   1848    36,0     927    46,0
   1850    33,0     928    33,0
   1852    43,0     929    39,0
   1854    36,0     930    27,0
   1856    36,0     931    35,0
   1858    33,0     932    37,0
   1860    31,0     933    35,0
   1862    43,0     934    18,0
   1864    34,0     935    26,0
   1866    26,0     936    20,0
   1868    31,0     937    23,0
   1870    37,0     938    11,0
   1872    37,0     939    15,0
   1874    42,0     940    17,0
   1876    28,0     941    13,0
   1878    28,0     942    26,0
   1880    33,0     943    16,0
   1882    33,0     944    13,0
   1884    21,0     945    22,0
   1886    31,0     946    22,0
   1888    34,0     947    35,0
   1890    33,0     948    44,0
   1892    36,0     949    42,0
   1894    40,0     950    54,0
   1896    50,0     951    64,0
   1898    33,0     952    69,0
   1900    39,0     953    94,0
   1902    56,0     954     138
   1904    42,0     955     111
   1906    53,0     956     108
   1908    38,0     957     100
   1910    42,0     958    91,0
   1912    44,0     959    83,0
   1914    27,0     960    65,0
   1916    45,0     961    52,0
   1918    46,0     962    38,0
   1920    43,0     963    32,0
   1922    47,0     964    13,0
   1924    87,0     965     9,0
   1926    64,0     966    11,0
   1928    89,0     967    14,0
   1930    70,0     968    12,0
   1932    87,0     969     8,0
   1934    71,0     970    15,0
   1936    79,0     971    10,0
   1938    56,0     972     6,0
   1940    44,0     973     8,0
   1942    48,0     974     6,0
   1944    45,0     975     9,0
   1946    27,0     976    12,0
   1948    39,0     977     7,0
   1950    28,0     978    11,0
   1952    31,0     979    18,0
   1954    35,0     980    13,0
   1956    32,0     981    12,0
   1958    36,0     982    12,0
   1961    31,0     983    14,0
   1963    24,0     984    17,0
   1965    33,0     985    14,0
   1967    26,0     986    10,0
   1969    23,0     987    10,0
   1971    23,0     988     7,0
   1973    22,0     989    11,0
   1975    33,0     990    14,0
   1977    33,0     991     7,0
   1979    33,0     992    10,0
   1981    24,0     993     7,0
   1983    18,0     994    10,0
   1985    37,0     995    10,0
   1987    24,0     996     5,0
   1989    29,0     997     6,0
   1991    26,0     998     6,0
   1993    29,0     999     9,0
   1995    29,0    1000     1,0
   1997    26,0    1001     7,0
   1999    30,0    1002    12,0
   2001    20,0    1003    10,0
   2003    34,0    1004     6,0
   2005    18,0    1005     8,0
   2007    20,0    1006     7,0
   2009    19,0    1007     7,0
   2011    24,0    1008     7,0
   2013    20,0    1009    11,0
   2015    29,0    1010     3,0
   2017    26,0    1011     7,0
   2019    25,0    1012     8,0
   2021    21,0    1013     9,0
   2023    27,0    1014     5,0
   2025    28,0    1015    10,0
   2027    22,0    1016     7,0
   2029    21,0    1017     5,0
   2031    22,0    1018     7,0
   2033    24,0    1019    14,0
   2035    25,0    1020     9,0
   2037    24,0    1021     6,0
   2039    40,0    1022    11,0
   2041    23,0    1023     8,0
   2043    24,0    1024     9,0
   2045    26,0    1025     6,0
   2047    17,0    1026     9,0
   2049    27,0    1027     7,0
   2051    18,0    1028     4,0
   2053    31,0    1029    10,0
   2055    26,0    1030     9,0
   2057    20,0    1031     6,0
   2059    14,0    1032     5,0
   2061    17,0    1033     7,0
   2063    15,0    1034     9,0
   2065    25,0    1035    14,0
   2067    15,0    1036    11,0
   2069    32,0    1037     8,0
   2071    21,0    1038     8,0
   2073    36,0    1039     8,0
   2075    23,0    1040     9,0
   2077    16,0    1041     5,0
   2079    26,0    1042     7,0
   2081    31,0    1043     5,0
   2083    12,0    1044     8,0
   2085    23,0    1045     3,0
   2087    21,0    1046     7,0
   2089    14,0    1047     8,0
   2091    16,0    1048    15,0
   2093    22,0    1049    15,0
   2095    18,0    1050    11,0
   2097    17,0    1051     8,0
   2099    24,0    1052    10,0
   2101    21,0    1053     8,0
   2103    14,0    1054    11,0
   2105    27,0    1055     9,0
   2107    28,0    1056     6,0
   2109    17,0    1057    10,0
   2111    15,0    1058    10,0
   2113    15,0    1059    12,0
   2115    19,0    1060    10,0
   2117    23,0    1061     7,0
   2119    13,0    1062    10,0
   2121    21,0    1063    14,0
   2123    16,0    1064    14,0
   2125    20,0    1065    10,0
   2127    23,0    1066    11,0
   2129    27,0    1067    28,0
   2131    20,0    1068    20,0
   2133    17,0    1069    30,0
   2135    19,0    1070    18,0
   2137    21,0    1071    20,0
   2139    20,0    1072    22,0
   2141    19,0    1073    18,0
   2143    21,0    1074    27,0
   2145    23,0    1075    22,0
   2147    17,0    1076    16,0
   2149    14,0    1077     6,0
   2151    21,0    1078    13,0
   2153    18,0    1079    14,0
   2155    17,0    1080    15,0
   2158    17,0    1081    17,0
   2160    18,0    1082    19,0
   2162    19,0    1083    11,0
   2164    19,0    1084    17,0
   2166    16,0    1085     9,0
   2168    19,0    1086    15,0
   2170     9,0    1087    16,0
   2172    21,0    1088    17,0
   2174    21,0    1089    24,0
   2176    18,0    1090    27,0
   2178    22,0    1091    37,0
   2180    20,0    1092    77,0
   2182    29,0    1093    93,0
   2184    25,0    1094     102
   2186    31,0    1095     144
   2188    42,0    1096     132
   2190    37,0    1097     211
   2192    48,0    1098     250
   2194    44,0    1099     280
   2196    44,0    1100     277
   2198    39,0    1101     264
   2200    53,0    1102     258
   2202    45,0    1103     203
   2204    38,0    1104     159
   2206    29,0    1105     121
   2208    36,0    1106     107
   2210    26,0    1107    84,0
   2212    43,0    1108    85,0
   2214    22,0    1109    74,0
   2216    28,0    1110    95,0
   2218    26,0    1111     128
   2220    32,0    1112     152
   2222    39,0    1113     200
   2224    45,0    1114     309
   2226    57,0    1115     419
   2228    82,0    1116     531
   2230    68,0    1117     586
   2232    84,0    1118     560
   2234    76,0    1119     482
   2236    73,0    1120     430
   2238    64,0    1121     339
   2240    69,0    1122     268
   2242    55,0    1123     219
   2244    37,0    1124     147
   2246    16,0    1125    57,0
   2248    19,0    1126    41,0
   2250    19,0    1127    25,0
   2252    17,0    1128    24,0
   2254    26,0    1129    12,0
   2256    10,0    1130    28,0
   2258    19,0    1131    13,0
   2260    13,0    1132    22,0
   2262    17,0    1133    25,0
   2264    22,0    1134    25,0
   2266    18,0    1135    31,0
   2268     7,0    1136    38,0
   2270    14,0    1137    43,0
   2272    17,0    1138    48,0
   2274    17,0    1139    71,0
   2276    14,0    1140    66,0
   2278    21,0    1141    53,0
   2280    18,0    1142    54,0
   2282    18,0    1143    45,0
   2284    18,0    1144    37,0
   2286    17,0    1145    38,0
   2288    10,0    1146    19,0
   2290    12,0    1147    17,0
   2292     9,0    1148    15,0
   2294    11,0    1149    20,0
   2296    12,0    1150     9,0
   2298    18,0    1151    10,0
   2300    16,0    1152     7,0
   2302    14,0    1153     6,0
   2304    15,0    1154     7,0
   2306    12,0    1155     6,0
   2308    12,0    1156     5,0
   2310    12,0    1157     9,0
   2312     7,0    1158     7,0
   2314    10,0    1159    12,0
   2316    26,0    1160    10,0
   2318    11,0    1161     4,0
   2320    12,0    1162     8,0
   2322    11,0    1163    10,0
   2324    10,0    1164     7,0
   2326    12,0    1165     4,0
   2328    12,0    1166     7,0
   2330    10,0    1167     8,0
   2332    10,0    1168    10,0
   2334     7,0    1169     8,0
   2336    12,0    1170     6,0
   2338    12,0    1171     9,0
   2340    14,0    1172     9,0
   2342    10,0    1173    20,0
   2345    12,0    1174     7,0
   2347    11,0    1175    16,0
   2349    12,0    1176    13,0
   2351    16,0    1177    12,0
   2353    11,0    1178    10,0
   2355    14,0    1179    12,0
   2357    12,0    1180     1,0
   2359    13,0    1181     8,0
   2361    14,0    1182     7,0
   2363    15,0    1183     6,0
   2365     9,0    1184     9,0
   2367    19,0    1185     4,0
   2369     8,0    1186     6,0
   2371    12,0    1187     4,0
   2373    17,0    1188    11,0
   2375    25,0    1189    10,0
   2377    12,0    1190    10,0
   2379    12,0    1191    10,0
   2381    13,0    1192     3,0
   2383    14,0    1193     5,0
   2385    18,0    1194     7,0
   2387    10,0    1195     5,0
   2389    12,0    1196     3,0
   2391     8,0    1197     2,0
   2393     8,0    1198    10,0
   2395     9,0    1199     4,0
   2397    18,0    1200     5,0
   2399     9,0    1201    11,0
   2401    15,0    1202     9,0
   2403    11,0    1203     5,0
   2405     9,0    1204     7,0
   2407    10,0    1205     9,0
   2409    13,0    1206     6,0
   2411     8,0    1207     7,0
   2413     7,0    1208     4,0
   2415    18,0    1209     7,0
   2417     8,0    1210     5,0
   2419     6,0    1211     8,0
   2421    11,0    1212     9,0
   2423    15,0    1213     6,0
   2425    14,0    1214     4,0
   2427    16,0    1215     9,0
   2429    12,0    1216     5,0
   2431    11,0    1217     4,0
   2433     8,0    1218     5,0
   2435    13,0    1219    10,0
   2437     7,0    1220     6,0
   2439     9,0    1221     5,0
   2441    11,0    1222     5,0
   2443    12,0    1223     7,0
   2445    12,0    1224     4,0
   2447    13,0    1225     5,0
   2449    12,0    1226     5,0
   2451     9,0    1227     3,0
   2453    11,0    1228     7,0
   2455     8,0    1229    12,0
   2457    15,0    1230     3,0
   2459     9,0    1231    11,0
   2461     9,0    1232     5,0
   2463     9,0    1233     7,0
   2465     9,0    1234     7,0
   2467     7,0    1235    14,0
   2469     7,0    1236    10,0
   2471    11,0    1237     9,0
   2473     5,0    1238    11,0
   2475     7,0    1239    10,0
   2477    13,0    1240    15,0
   2479    10,0    1241    20,0
   2481    15,0    1242    11,0
   2483     4,0    1243    17,0
   2485    13,0    1244    12,0
   2487    14,0    1245     9,0
   2489     9,0    1246    11,0
   2491     7,0    1247     6,0
   2493    13,0    1248     6,0
   2495    10,0    1249     2,0
   2497    13,0    1250     8,0
   2499     8,0    1251     5,0
   2501     8,0    1252     8,0
   2503     8,0    1253     6,0
   2505    10,0    1254     5,0
   2507     6,0    1255     8,0
   2509    10,0    1256     3,0
   2511     7,0    1257     7,0
   2513    12,0    1258     4,0
   2515     9,0    1259     7,0
   2517    15,0    1260     9,0
   2519     9,0    1261     6,0
   2521     8,0    1262     6,0
   2523     8,0    1263     8,0
   2525     6,0    1264     3,0
   2527     8,0    1265     6,0
   2529     3,0    1266     4,0
   2531     5,0    1267     7,0
   2533     7,0    1268     7,0
   2535     3,0    1269     5,0
   2537     8,0    1270     8,0
   2539    12,0    1271     8,0
   2541     6,0    1272     4,0
   2543     6,0    1273     2,0
   2545    13,0    1274     4,0
   2547     3,0    1275     6,0
   2549     7,0    1276    10,0
   2552     8,0    1277     6,0
   2554     9,0    1278     2,0
   2556     6,0    1279     7,0
   2558     5,0    1280     6,0
   2560     9,0    1281     6,0
   2562    12,0    1282     5,0
   2564     7,0    1283     6,0
   2566     5,0    1284     3,0
   2568     5,0    1285     2,0
   2570     8,0    1286     5,0
   2571     8,0    1287     5,0
   2573     8,0    1288     3,0
   2575     6,0    1289     9,0
   2577    11,0    1290     4,0
   2579     9,0    1291     7,0
   2581     6,0    1292     6,0
   2583     9,0    1293     5,0
   2585     7,0    1294    10,0
   2587    10,0    1295     8,0
   2589    11,0    1296     8,0
   2591    10,0    1297    10,0
   2594     7,0    1298     8,0
   2596     6,0    1299    12,0
   2598    10,0    1300    11,0
   2600     8,0    1301    20,0
   2602    13,0    1302    26,0
   2604    12,0    1303    27,0
   2606     6,0    1304    55,0
   2608    20,0    1305    90,0
   2610    23,0    1306     110
   2612    22,0    1307     211
   2614    33,0    1308     273
   2616    49,0    1309     459
   2618    55,0    1310     617
   2620    60,0    1311     554
   2622    48,0    1312     469
   2624    42,0    1313     411
   2626    49,0    1314     299
   2628    25,0    1315     247
   2630    23,0    1316     136
   2632    18,0    1317    87,0
   2634     7,0    1318    51,0
   2636    16,0    1319    53,0
   2638     9,0    1320    48,0
   2640     7,0    1321    91,0
   2642    15,0    1322    71,0
   2644    13,0    1323    73,0
   2646    17,0    1324    45,0
   2648    12,0    1325    44,0
   2650    12,0    1326    37,0
   2652     8,0    1327    22,0
   2654    11,0    1328    16,0
   2656     9,0    1329    17,0
   2658     7,0    1330    11,0
   2660    12,0    1331    11,0
   2662     6,0    1332     9,0
   2664     5,0    1333     5,0
   2666    11,0    1334     3,0
   2668     7,0    1335     3,0
   2670     4,0    1336     6,0
   2672     7,0    1337     4,0
   2674     7,0    1338     8,0
   2676     5,0    1339     5,0
   2678    11,0    1340     4,0
   2680     2,0    1341     7,0
   2682     8,0    1342     4,0
   2684    10,0    1343     5,0
   2686     6,0    1344     9,0
   2688    10,0    1345     4,0
   2690     5,0    1346     5,0
   2692     6,0    1347     4,0
   2694     3,0    1348    10,0
   2696     7,0    1349     2,0
   2698     9,0    1350     5,0
   2700     8,0    1351     9,0
   2702     9,0    1352     3,0
   2704    10,0    1353     3,0
   2706     9,0    1354     3,0
   2708     5,0    1355     9,0
   2710     5,0    1356     6,0
   2712     3,0    1357     7,0
   2714     8,0    1358     3,0
   2716     9,0    1359     3,0
   2718     8,0    1360     5,0
   2720    13,0    1361     5,0
   2722     7,0    1362     4,0
   2724     3,0    1363     4,0
   2726     3,0    1364     5,0
   2728     8,0    1365     5,0
   2730     5,0    1366     4,0
   2732     7,0    1367     3,0
   2734     8,0    1368     4,0
   2736    10,0    1369     7,0
   2738     6,0    1370     6,0
   2740     7,0    1371     4,0
   2742     5,0    1372     4,0
   2744    11,0    1373     7,0
   2746    12,0    1374     2,0
   2748     8,0    1375     6,0
   2750     4,0    1376     0,0
   2752     7,0    1377     3,0
   2754     7,0    1378     2,0
   2756     7,0    1379     1,0
   2758     6,0    1380     2,0
   2760     7,0    1381     6,0
   2762     9,0    1382     3,0
   2764     6,0    1383     6,0
   2766     7,0    1384     7,0
   2768     4,0    1385     4,0
   2770     7,0    1386     6,0
   2772     2,0    1387     6,0
   2775     8,0    1388     3,0
   2777     7,0    1389     7,0
   2779    10,0    1390     9,0
   2781     7,0    1391     3,0
   2783     8,0    1392     3,0
   2785     6,0    1393     6,0
   2787     7,0    1394     3,0
   2789     7,0    1395     4,0
   2791     6,0    1396     5,0
   2793     5,0    1397     5,0
   2795     3,0    1398     7,0
   2797     2,0    1399     5,0
   2799    15,0    1400     7,0
   2799     0,0    1400     0,0
   2804     0,0    1403     0,0
   2809     0,0    1405     0,0
   2814     0,0    1408     0,0
   2819    33,6    1410     0,0
   2824     0,0    1413     0,0
   2829     0,0    1415     0,0
   2834    33,6    1418     0,0
   2839     0,0    1420     0,0
   2844     0,0    1422    33,6
   2849     0,0    1425     0,0
   2854     0,0    1427     0,0
   2859     0,0    1430     0,0
   2864     0,0    1432     0,0
   2869     0,0    1435     0,0
   2874    33,6    1437     0,0
   2879     0,0    1440     0,0
   2884     0,0    1442     0,0
   2889     0,0    1445     0,0
   2894     0,0    1447     0,0
   2899     0,0    1450     0,0
   2904     0,0    1452     0,0
   2909    33,6    1455     0,0
   2914     0,0    1457     0,0
   2919     0,0    1460    33,6
   2924     0,0    1462     0,0
   2929     0,0    1465     0,0
   2934     0,0    1467     0,0
   2939     0,0    1470     0,0
   2944     0,0    1472     0,0
   2949     0,0    1475     0,0
   2954     0,0    1477    33,6
   2959     0,0    1480     0,0
   2964     0,0    1482     0,0
   2969     0,0    1485     0,0
   2974     0,0    1487     0,0
   2979    33,6    1490     0,0
   2984    33,6    1492     0,0
   2989     0,0    1495     0,0
   2994     0,0    1498    33,6
   2999    33,6    1500     0,0
   3004     0,0    1502     0,0
   3009     0,0    1505     0,0
   3014     0,0    1508     0,0
   3019    33,6    1510     0,0
   3024     0,0    1512     0,0
   3029     0,0    1515     0,0
   3034     0,0    1518     0,0
   3039     0,0    1520     0,0
   3044     0,0    1522     0,0
   3049     0,0    1525     0,0
   3054     0,0    1528     0,0
   3059     0,0    1530     0,0
   3064     0,0    1533     0,0
   3069     0,0    1535     0,0
   3074     0,0    1538    33,6
   3079     0,0    1540     0,0
   3084     0,0    1543    33,6
   3089     0,0    1545     0,0
   3094     0,0    1548     0,0
   3099     0,0    1550     0,0
   3104     0,0    1553     0,0
   3109     0,0    1555     0,0
   3114     0,0    1558     0,0
   3119     0,0    1560     0,0
   3124     0,0    1563     0,0
   3129     0,0    1565     0,0
   3134     0,0    1568     0,0
   3139     0,0    1570     0,0
   3144     0,0    1573     0,0
   3149     0,0    1575     0,0
