07.12.2024   N1106
Образец: "Рений"
LiF200
Трубка: "40,0/0,100"
        Отр1            Отр2
   [мА]  [Имп/с]   [мА]  [Имп/с]
    834     404     425     0,0
    839     404     427    33,7
    844     337     430     0,0
    849     236     432     0,0
    854     202     435    33,7
    859     168     437    33,7
    864     202     440    33,7
    869     269     442    33,7
    874     303     445    33,7
    879     303     447    33,7
    884     303     450    33,7
    889     303     452    33,7
    894     269     455    33,7
    899     269     457    33,7
    904     303     460    33,7
    909     337     462    33,7
    914     370     465    33,7
    919     337     467    33,7
    924     337     469    33,7
    929     303     472    33,7
    934     303     474    33,7
    939     337     477    33,7
    944     337     479    67,4
    949     337     482    67,4
    954     370     484    67,4
    959     337     487    67,4
    964     337     489    67,4
    969     337     492    33,7
    974     303     494    33,7
    979     303     497    67,4
    984     337     499    33,7
    989     404     502    33,7
    994     438     504    33,7
    999     505     507    33,7
   1004     606     509    33,7
   1009     674     511    33,7
   1014     775     514    33,7
   1019     909     516    33,7
   1024     977     519    33,7
   1029    1078     521    33,7
   1034    1347     524    33,7
   1039    1246     526    33,7
   1044    1179     529    33,7
   1049    1078     531    33,7
   1054    1111     534    33,7
   1059    1280     536    33,7
   1064    1145     538    33,7
   1069     842     541    33,7
   1074     539     543    33,7
   1079     438     546    33,7
   1084     471     548    67,4
   1089     438     551    67,4
   1094     438     553    67,4
   1099     370     556    33,7
   1104     337     558    33,7
   1109     236     561    33,7
   1114     236     563    33,7
   1119     269     566    33,7
   1124     303     568    33,7
   1129     269     571    33,7
   1134     269     573    33,7
   1139     202     576    33,7
   1144     303     578    33,7
   1149     370     581    33,7
   1154     438     583    67,4
   1159     438     586    67,4
   1164     505     588    67,4
   1169     775     591     101
   1174    1044     593     101
   1179    1482     596     101
   1184    2357     598    67,4
   1189    3738     601    67,4
   1194    4782     603    33,7
   1199    4782     606    33,7
   1204    4782     608    33,7
   1209    4849     610    67,4
   1214    5657     613    67,4
   1219    7981     615    67,4
   1224    9934     618    67,4
   1229   10911     620    67,4
   1234    9564     623    67,4
   1239    7375     625    67,4
   1244    4950     628    67,4
   1249    2660     630    67,4
   1254    1212     633    33,7
   1259     808     635    33,7
   1264     842     638    33,7
   1269    1044     640    33,7
   1274    1010     643    33,7
   1279     741     645    33,7
   1284     505     648    33,7
   1289     370     650    33,7
   1294     269     652    33,7
   1299     269     655    33,7
   1304     269     657     0,0
   1309     202     660    33,7
   1314     168     662    33,7
   1319     202     665    33,7
   1324     236     667    33,7
   1329     202     670    33,7
   1334     135     672     0,0
   1339     168     675    33,7
   1344     135     677    33,7
   1349     236     680    33,7
   1354     236     682    33,7
   1359     269     685     0,0
   1364     370     687    33,7
   1369     337     690    33,7
   1374     303     692    33,7
   1379     269     695    33,7
   1384     236     697    33,7
   1389     135     700    33,7
   1394     202     702    33,7
   1399     303     704    33,7
   1404     977     707    33,7
   1409    3098     709    33,7
   1414    6634     712    33,7
   1419    9766     714    33,7
   1424   10978     717     0,0
   1429    9665     719     0,0
   1434    7206     722    33,7
   1439    4310     724     0,0
   1444    1919     727     0,0
   1449     842     729    33,7
   1454     606     732     0,0
   1459     707     734    33,7
   1464     909     737    33,7
   1469     909     739    33,7
   1474     707     742     0,0
   1479     572     744    33,7
   1484     471     747     0,0
   1489     168     749     0,0
   1494    67,4     752     0,0
   1499     101     754     0,0
   1504     101     757     0,0
   1509    67,4     759    33,7
   1514     101     761    33,7
   1519     101     764    33,7
   1524     135     766    33,7
   1529     236     769    33,7
   1534     303     771    33,7
   1539     202     774     0,0
   1544     135     776     0,0
   1549     135     779     0,0
   1554    33,7     781     0,0
   1559    33,7     784     0,0
   1564    67,4     786     0,0
   1569    67,4     789    33,7
   1574     101     791    33,7
   1579     101     794    33,7
   1584    67,4     796     0,0
   1589    67,4     799    33,7
   1594    67,4     801    33,7
   1599     101     804    67,4
   1604     101     806    33,7
   1609     168     809     0,0
   1614     269     811     0,0
   1619     370     813     0,0
   1624     337     816    33,7
   1629     303     818    33,7
   1634     202     821    33,7
   1639     135     823     0,0
   1644     101     826     0,0
   1649    33,7     828     0,0
   1654    67,4     831     0,0
   1659     101     833     0,0
   1664    67,4     836     0,0
   1669     101     838     0,0
   1674    67,4     841     0,0
   1679     0,0     843     0,0
   1684    67,4     846     0,0
   1689     101     848     0,0
   1694    67,4     851     0,0
   1699    33,7     853     0,0
   1704    67,4     856     0,0
   1709    67,4     858     0,0
   1714    33,7     861     0,0
   1719    33,7     863     0,0
   1724    67,4     866     0,0
   1729    67,4     868     0,0
   1734    33,7     870     0,0
   1739    33,7     873     0,0
   1744    33,7     875     0,0
   1749    33,7     878    33,7
   1754    33,7     880    33,7
   1759    67,4     883     0,0
   1764    33,7     885     0,0
   1769    67,4     888     0,0
   1774    67,4     890     0,0
   1779     0,0     893     0,0
   1784    67,4     895     0,0
   1789    33,7     898     0,0
   1794    33,7     900     0,0
   1799    33,7     903     0,0
   1804    33,7     905     0,0
   1809    33,7     908     0,0
   1814    33,7     910     0,0
   1819    33,7     913    33,7
   1824     0,0     915     0,0
   1829     0,0     918     0,0
   1834     0,0     920     0,0
   1839    33,7     923     0,0
   1844    33,7     925     0,0
   1849    33,7     928     0,0
   1854    67,4     930     0,0
   1859    33,7     933     0,0
   1864     0,0     935     0,0
   1869     0,0     937     0,0
   1874    33,7     940     0,0
   1879    67,4     942     0,0
   1884    33,7     945     0,0
   1889     0,0     947     0,0
   1894    67,4     950     0,0
   1899    33,7     952     0,0
   1904    67,4     955     0,0
   1909    33,7     957     0,0
   1914     0,0     960     0,0
   1919    33,7     962     0,0
   1924     101     965     0,0
   1929     101     967    33,7
   1934    33,7     970     0,0
   1939    67,4     972     0,0
   1944    33,7     975     0,0
   1949    33,7     977     0,0
   1954    33,7     980     0,0
   1959    33,7     982     0,0
   1964    33,7     985     0,0
   1969    67,4     987     0,0
   1974    67,4     990     0,0
   1979    67,4     992     0,0
   1984    33,7     995     0,0
   1989     0,0     997     0,0
   1994    33,7    1000     0,0
   1995    34,0    1000     5,0
   1997    34,0    1001     6,0
   1999    34,0    1002     7,0
   2001    20,0    1003     2,0
   2003    27,0    1004     5,0
   2005    32,0    1005     5,0
   2007    24,0    1006     6,0
   2009    26,0    1007    10,0
   2011    24,0    1008     6,0
   2013    36,0    1009     8,0
   2015    26,0    1010     4,0
   2017    21,0    1011     9,0
   2019    34,0    1012     6,0
   2021    14,0    1013     9,0
   2023    27,0    1014    10,0
   2025    21,0    1015    15,0
   2027    32,0    1016     7,0
   2029    22,0    1017    12,0
   2031    28,0    1018     8,0
   2033    32,0    1019    13,0
   2035    23,0    1020    14,0
   2037    22,0    1021    14,0
   2039    23,0    1022    19,0
   2041    25,0    1023    21,0
   2043    34,0    1024    24,0
   2045    23,0    1025    17,0
   2047    24,0    1026    19,0
   2049    26,0    1027    20,0
   2051    27,0    1028    20,0
   2053    26,0    1029    26,0
   2055    16,0    1030    18,0
   2057    29,0    1031    25,0
   2059    19,0    1032    22,0
   2061    26,0    1033    20,0
   2063    26,0    1034    16,0
   2065    33,0    1035    18,0
   2067    20,0    1036    21,0
   2069    24,0    1037    13,0
   2071    32,0    1038    10,0
   2073    27,0    1039    12,0
   2075    16,0    1040     5,0
   2077    21,0    1041    12,0
   2079    17,0    1042    11,0
   2081    33,0    1043    10,0
   2083    16,0    1044    13,0
   2085    20,0    1045     5,0
   2087    22,0    1046     7,0
   2089    27,0    1047     8,0
   2091    24,0    1048     8,0
   2093    26,0    1049    12,0
   2095    22,0    1050    15,0
   2097    23,0    1051    22,0
   2099    16,0    1052    32,0
   2101    25,0    1053    39,0
   2103    24,0    1054    51,0
   2105    28,0    1055    40,0
   2107    29,0    1056    61,0
   2109    35,0    1057    74,0
   2111    32,0    1058    89,0
   2113    35,0    1059     103
   2115    29,0    1060    87,0
   2117    28,0    1061    71,0
   2119    18,0    1062    72,0
   2121    30,0    1063    45,0
   2123    21,0    1064    42,0
   2125    22,0    1065    24,0
   2127    25,0    1066    27,0
   2129    24,0    1067    23,0
   2131    14,0    1068    13,0
   2133    19,0    1069    12,0
   2135    19,0    1070    10,0
   2137    28,0    1071     9,0
   2139    18,0    1072     5,0
   2141    24,0    1073     7,0
   2143    20,0    1074     6,0
   2145    16,0    1075     2,0
   2147    22,0    1076     4,0
   2149    11,0    1077    10,0
   2151    21,0    1078     3,0
   2153    24,0    1079     7,0
   2155    18,0    1080     4,0
   2158    21,0    1081     3,0
   2160    27,0    1082     2,0
   2162    17,0    1083     7,0
   2164    24,0    1084     9,0
   2166    18,0    1085     7,0
   2168    25,0    1086     5,0
   2170    22,0    1087     7,0
   2172    17,0    1088     8,0
   2174    21,0    1089     9,0
   2176    13,0    1090    14,0
   2178    17,0    1091     8,0
   2180    15,0    1092    10,0
   2182    24,0    1093     9,0
   2184    19,0    1094    14,0
   2186    19,0    1095    16,0
   2188    15,0    1096     8,0
   2190    23,0    1097    10,0
   2192    31,0    1098    10,0
   2194    19,0    1099    10,0
   2196    24,0    1100     8,0
   2198    17,0    1101    10,0
   2200    18,0    1102    12,0
   2202    21,0    1103     9,0
   2204    23,0    1104     8,0
   2206    20,0    1105     7,0
   2208    16,0    1106     5,0
   2210    17,0    1107     5,0
   2212    16,0    1108     7,0
   2214    12,0    1109     7,0
   2216    21,0    1110     5,0
   2218    10,0    1111     5,0
   2220    10,0    1112     3,0
   2222    23,0    1113     8,0
   2224    21,0    1114     3,0
   2226    27,0    1115     6,0
   2228    14,0    1116     6,0
   2230    23,0    1117     7,0
   2232    11,0    1118     2,0
   2234    19,0    1119     3,0
   2236    15,0    1120     4,0
   2238    13,0    1121     8,0
   2240    23,0    1122     5,0
   2242    15,0    1123     4,0
   2244    13,0    1124     3,0
   2246    17,0    1125     6,0
   2248    12,0    1126     7,0
   2250    22,0    1127     4,0
   2252    13,0    1128     4,0
   2254    17,0    1129     1,0
   2256    19,0    1130     4,0
   2258    15,0    1131     5,0
   2260    13,0    1132     6,0
   2262    18,0    1133     8,0
   2264    17,0    1134     9,0
   2266     8,0    1135     5,0
   2268    17,0    1136     6,0
   2270    11,0    1137     4,0
   2272    17,0    1138     3,0
   2274    19,0    1139     6,0
   2276    23,0    1140     7,0
   2278    14,0    1141     5,0
   2280    14,0    1142     6,0
   2282    14,0    1143     5,0
   2284    13,0    1144     8,0
   2286    22,0    1145     7,0
   2288    10,0    1146     4,0
   2290    14,0    1147     5,0
   2292    16,0    1148     3,0
   2294    10,0    1149     6,0
   2296    13,0    1150     3,0
   2298    16,0    1151    11,0
   2300    17,0    1152     0,0
   2302     7,0    1153     8,0
   2304    15,0    1154     7,0
   2306    15,0    1155     6,0
   2308     8,0    1156     4,0
   2310     8,0    1157     4,0
   2312    11,0    1158     8,0
   2314    11,0    1159     5,0
   2316    16,0    1160     8,0
   2318    11,0    1161     6,0
   2320    13,0    1162    10,0
   2322    14,0    1163     5,0
   2324     9,0    1164     6,0
   2326     7,0    1165     8,0
   2328    13,0    1166     8,0
   2330    19,0    1167     8,0
   2332     6,0    1168     7,0
   2334    15,0    1169     9,0
   2336    19,0    1170     8,0
   2338    10,0    1171    11,0
   2340    15,0    1172     9,0
   2342    18,0    1173    12,0
   2345    23,0    1174    20,0
   2347    18,0    1175    12,0
   2349    15,0    1176    15,0
   2351    11,0    1177    12,0
   2353    19,0    1178    16,0
   2355    15,0    1179     8,0
   2357    14,0    1180     8,0
   2359    15,0    1181    14,0
   2361     9,0    1182     9,0
   2363    14,0    1183     6,0
   2365    13,0    1184     4,0
   2367    16,0    1185    13,0
   2369    14,0    1186    14,0
   2371    10,0    1187     6,0
   2373     8,0    1188     3,0
   2375     6,0    1189     7,0
   2377    10,0    1190     9,0
   2379     6,0    1191    10,0
   2381    14,0    1192    10,0
   2383     8,0    1193     4,0
   2385    17,0    1194    13,0
   2387     6,0    1195    18,0
   2389    14,0    1196    13,0
   2391     9,0    1197    25,0
   2393    13,0    1198    37,0
   2395    14,0    1199    52,0
   2397    15,0    1200    73,0
   2399    12,0    1201    85,0
   2401    27,0    1202     116
   2403    28,0    1203     168
   2405    34,0    1204     167
   2407    25,0    1205     149
   2409    22,0    1206     150
   2411    21,0    1207     131
   2413    12,0    1208    96,0
   2415    23,0    1209    81,0
   2417    13,0    1210    65,0
   2419    16,0    1211    35,0
   2421    14,0    1212    30,0
   2423    12,0    1213    33,0
   2425    11,0    1214    31,0
   2427    19,0    1215    42,0
   2429    11,0    1216    63,0
   2431    15,0    1217    60,0
   2433    15,0    1218    74,0
   2435    14,0    1219    77,0
   2437    20,0    1220    60,0
   2439    12,0    1221    45,0
   2441    12,0    1222    37,0
   2443    18,0    1223    40,0
   2445    12,0    1224    34,0
   2447     8,0    1225    21,0
   2449    12,0    1226    12,0
   2451    13,0    1227    22,0
   2453    15,0    1228    23,0
   2455    14,0    1229    33,0
   2457    19,0    1230    58,0
   2459    18,0    1231    88,0
   2461    21,0    1232    87,0
   2463    23,0    1233     181
   2465    33,0    1234     290
   2467    40,0    1235     395
   2469    45,0    1236     501
   2471    51,0    1237     472
   2473    33,0    1238     366
   2475    36,0    1239     320
   2477    26,0    1240     248
   2479    29,0    1241     193
   2481    25,0    1242     121
   2483    12,0    1243    79,0
   2485    13,0    1244    50,0
   2487    15,0    1245    34,0
   2489    10,0    1246    26,0
   2491     9,0    1247    30,0
   2493     7,0    1248    30,0
   2495     8,0    1249    23,0
   2497     9,0    1250    20,0
   2499    12,0    1251    27,0
   2501    14,0    1252    30,0
   2503    10,0    1253    17,0
   2505     9,0    1254    39,0
   2507    12,0    1255    34,0
   2509    10,0    1256    46,0
   2511     8,0    1257    57,0
   2513    13,0    1258    48,0
   2515    16,0    1259    40,0
   2517    13,0    1260    35,0
   2519     7,0    1261    33,0
   2521     7,0    1262    18,0
   2523     9,0    1263    16,0
   2525     6,0    1264    14,0
   2527     7,0    1265    12,0
   2529    11,0    1266     5,0
   2531    13,0    1267     9,0
   2533    13,0    1268    10,0
   2535    12,0    1269     9,0
   2537     6,0    1270     6,0
   2539    15,0    1271     7,0
   2541     8,0    1272     8,0
   2543    10,0    1273     9,0
   2545     5,0    1274    11,0
   2547     3,0    1275     7,0
   2549    13,0    1276    23,0
   2552     9,0    1277    23,0
   2554    12,0    1278    29,0
   2556    13,0    1279    34,0
   2558     9,0    1280    43,0
   2560    13,0    1281    32,0
   2562    23,0    1282    26,0
   2564    12,0    1283    25,0
   2566     5,0    1284    15,0
   2568    13,0    1285    13,0
   2570     6,0    1286     7,0
   2571    17,0    1287    10,0
   2573     6,0    1288     1,0
   2575     9,0    1289     6,0
   2577    11,0    1290     4,0
   2579    12,0    1291     6,0
   2581     5,0    1292     7,0
   2583    15,0    1293     0,0
   2585     5,0    1294     7,0
   2587    10,0    1295     8,0
   2589     7,0    1296     9,0
   2591    10,0    1297     4,0
   2594    10,0    1298     8,0
   2596     6,0    1299    10,0
   2598    12,0    1300    10,0
   2600     4,0    1301     9,0
   2602    12,0    1302     7,0
   2604     7,0    1303     6,0
   2606     7,0    1304     2,0
   2608    10,0    1305     7,0
   2610     6,0    1306     4,0
   2612     6,0    1307     8,0
   2614     8,0    1308     5,0
   2616    10,0    1309     7,0
   2618     5,0    1310     3,0
   2620     3,0    1311     6,0
   2622     8,0    1312     5,0
   2624     8,0    1313     4,0
   2626    12,0    1314     3,0
   2628     4,0    1315     2,0
   2630    13,0    1316     7,0
   2632     6,0    1317     8,0
   2634     5,0    1318     4,0
   2636     5,0    1319     2,0
   2638     6,0    1320     3,0
   2640    14,0    1321     2,0
   2642     7,0    1322     6,0
   2644     8,0    1323     6,0
   2646     9,0    1324     3,0
   2648     9,0    1325     4,0
   2650     7,0    1326     4,0
   2652     9,0    1327     3,0
   2654    11,0    1328     4,0
   2656     8,0    1329     7,0
   2658     9,0    1330     6,0
   2660     4,0    1331     4,0
   2662     9,0    1332     2,0
   2664     4,0    1333     4,0
   2666     7,0    1334     7,0
   2668    10,0    1335     6,0
   2670     7,0    1336     6,0
   2672     5,0    1337     4,0
   2674     3,0    1338     4,0
   2676     9,0    1339     2,0
   2678     6,0    1340     7,0
   2680     7,0    1341     3,0
   2682     6,0    1342     4,0
   2684    10,0    1343     6,0
   2686     5,0    1344     3,0
   2688     5,0    1345     6,0
   2690     4,0    1346     9,0
   2692     3,0    1347     5,0
   2694     9,0    1348     8,0
   2696     9,0    1349     2,0
   2698     6,0    1350     2,0
   2700     7,0    1351     6,0
   2702     5,0    1352     3,0
   2704     7,0    1353     5,0
   2706     5,0    1354     4,0
   2708     9,0    1355     5,0
   2710     8,0    1356     1,0
   2712    10,0    1357     9,0
   2714     5,0    1358     2,0
   2716     9,0    1359     4,0
   2718     8,0    1360     7,0
   2720     9,0    1361     5,0
   2722     8,0    1362     3,0
   2724     1,0    1363     4,0
   2726     3,0    1364     6,0
   2728     1,0    1365     3,0
   2730     8,0    1366     5,0
   2732    12,0    1367     7,0
   2734     7,0    1368     8,0
   2736     4,0    1369    12,0
   2738     8,0    1370     7,0
   2740     9,0    1371    10,0
   2742    10,0    1372    15,0
   2744     2,0    1373    17,0
   2746     7,0    1374    12,0
   2748    12,0    1375     3,0
   2750     8,0    1376     8,0
   2752     3,0    1377    11,0
   2754     4,0    1378     7,0
   2756     5,0    1379     6,0
   2758     2,0    1380     8,0
   2760     5,0    1381     6,0
   2762     5,0    1382     8,0
   2764    10,0    1383     4,0
   2766     6,0    1384     1,0
   2768     6,0    1385     7,0
   2770     6,0    1386     3,0
   2772     4,0    1387     5,0
   2775     6,0    1388     7,0
   2777     5,0    1389     5,0
   2779     7,0    1390     3,0
   2781     6,0    1391     8,0
   2783     5,0    1392     4,0
   2785     9,0    1393     1,0
   2787     5,0    1394     4,0
   2789     9,0    1395     5,0
   2791    12,0    1396     5,0
   2793     5,0    1397     2,0
   2795     9,0    1398     7,0
   2797     3,0    1399     4,0
   2799     6,0    1400     9,0
   2801     5,0    1401     4,0
   2803     2,0    1402     5,0
   2805    11,0    1403     5,0
   2807     5,0    1404     9,0
   2809     6,0    1405     7,0
   2811     8,0    1406     8,0
   2813     9,0    1407     3,0
   2815     5,0    1408     5,0
   2817     6,0    1409     3,0
   2819     4,0    1410     8,0
   2821     8,0    1411     3,0
   2823     8,0    1412     3,0
   2825     5,0    1413     3,0
   2827     2,0    1414     4,0
   2829     3,0    1415     7,0
   2831     8,0    1416     6,0
   2833     3,0    1417    10,0
   2835     7,0    1418     3,0
   2837     9,0    1419     9,0
   2839     5,0    1420     8,0
   2841     5,0    1421    13,0
   2843     5,0    1422     7,0
   2845     3,0    1423    12,0
   2847     6,0    1424    24,0
   2849     7,0    1425    31,0
   2851     8,0    1426    54,0
   2853     9,0    1427     106
   2855     9,0    1428     161
   2857    23,0    1429     293
   2859    30,0    1430     360
   2861    35,0    1431     370
   2863    35,0    1432     364
   2865    27,0    1433     261
   2867    18,0    1434     203
   2869     9,0    1435     107
   2871    11,0    1436    60,0
   2873     3,0    1437    35,0
   2875     7,0    1438    23,0
   2877     6,0    1439    25,0
   2879     5,0    1440    32,0
   2881     7,0    1441    48,0
   2883     4,0    1442    43,0
   2885     9,0    1443    39,0
   2887     6,0    1444    25,0
   2889     8,0    1445    23,0
   2891     5,0    1446    15,0
   2893     2,0    1447    13,0
   2895     7,0    1448     8,0
   2897     1,0    1449     5,0
   2899     6,0    1450    10,0
   2901     4,0    1451     6,0
   2903     3,0    1452     5,0
   2905     3,0    1453     8,0
   2907     4,0    1454     9,0
   2909     6,0    1455     7,0
   2911     2,0    1456     6,0
   2913     6,0    1457     3,0
   2915     2,0    1458     7,0
   2917     1,0    1459     8,0
   2919     3,0    1460     8,0
   2921     6,0    1461     6,0
   2923     3,0    1462     5,0
   2925     3,0    1463     4,0
   2927     5,0    1464     4,0
   2929     4,0    1465     1,0
   2931     2,0    1466     5,0
   2933     2,0    1467     7,0
   2935     2,0    1468     5,0
   2937     4,0    1469     8,0
   2939     4,0    1470     3,0
   2941     4,0    1471    13,0
   2943     8,0    1472    17,0
   2945     1,0    1473    17,0
   2947    12,0    1474    42,0
   2949     4,0    1475    28,0
   2951     6,0    1476    34,0
   2953     3,0    1477    26,0
   2955     5,0    1478    17,0
   2957     3,0    1479     9,0
   2959     2,0    1480     6,0
   2961     5,0    1481     6,0
   2963     1,0    1482     4,0
   2965     3,0    1483     6,0
   2967     4,0    1484     6,0
   2969     6,0    1485    11,0
   2971     6,0    1486     7,0
   2973     3,0    1487     3,0
   2975     3,0    1488    11,0
   2977     2,0    1489     4,0
   2979     4,0    1490     4,0
   2981     6,0    1491     4,0
   2983     4,0    1492     6,0
   2985     2,0    1493     4,0
   2987     3,0    1494     1,0
   2989     5,0    1495     6,0
   2991     4,0    1496     6,0
   2993     0,0    1497     4,0
   2995     4,0    1498     5,0
   2997     3,0    1499     3,0
   2999     0,0    1500     1,0
   3004     0,0    1502     0,0
   3009     0,0    1505     0,0
   3014     0,0    1508     0,0
   3019     0,0    1510     0,0
   3024     0,0    1512     0,0
   3029     0,0    1515     0,0
   3034     0,0    1518     0,0
   3039     0,0    1520     0,0
   3044     0,0    1522     0,0
   3049     0,0    1525     0,0
   3054     0,0    1528     0,0
   3059     0,0    1530     0,0
   3064     0,0    1533     0,0
   3069     0,0    1535     0,0
   3074     0,0    1538     0,0
   3079     0,0    1540     0,0
   3084     0,0    1543     0,0
   3089     0,0    1545     0,0
   3094     0,0    1548     0,0
   3099     0,0    1550     0,0
   3104     0,0    1553     0,0
   3109     0,0    1555     0,0
   3114     0,0    1558     0,0
   3119     0,0    1560     0,0
   3124     0,0    1563     0,0
   3129     0,0    1565     0,0
   3134     0,0    1568     0,0
   3139     0,0    1570     0,0
   3144     303    1573     0,0
   3149     775    1575     0,0
