07.12.2024   N1106
Образец: "Ртуть"
LiF200
Трубка: "40,0/0,100"
        Отр1            Отр2
   [мА]  [Имп/с]   [мА]  [Имп/с]
    834     909     425     0,0
    839    1009     427     0,0
    844    1110     430     0,0
    849    1144     432     0,0
    854    1178     435     0,0
    859    1178     437     0,0
    864    1211     440    33,6
    869    1245     442    33,6
    874    1279     445    33,6
    879    1481     447    33,6
    884    1447     450    33,6
    889    1380     452    33,6
    894    1245     455    33,6
    899    1077     457    33,6
    904     976     460    33,6
    909     909     462    33,6
    914     976     465    33,6
    919     875     467    33,6
    924     841     469    33,6
    929     875     472    33,6
    934     841     474    33,6
    939     774     477    33,6
    944     740     479    33,6
    949     707     482    33,6
    954     673     484    33,6
    959     639     487    33,6
    964     707     489    33,6
    969     707     492    33,6
    974     841     494    33,6
    979     909     497    33,6
    984    1043     499    33,6
    989    1077     502    33,6
    994    1245     504    67,3
    999    1312     507    67,3
   1004    1615     509    67,3
   1009    1918     511    67,3
   1014    2524     514     101
   1019    3466     516    67,3
   1024    4576     519    67,3
   1029    5081     521    67,3
   1034    4913     524    33,6
   1039    4038     526    33,6
   1044    3028     529    33,6
   1049    2086     531    33,6
   1054    1649     534    33,6
   1059    1279     536    33,6
   1064    1009     538    67,3
   1069     909     541    67,3
   1074     841     543    67,3
   1079     740     546    67,3
   1084     572     548    67,3
   1089     538     551    67,3
   1094     639     553    33,6
   1099     673     556    33,6
   1104     707     558    33,6
   1109     572     561    33,6
   1114     639     563    33,6
   1119     673     566    33,6
   1124     606     568    33,6
   1129     572     571    67,3
   1134     572     573    67,3
   1139     606     576     101
   1144     673     578     101
   1149     740     581     135
   1154     740     583     101
   1159     774     586     101
   1164     740     588     135
   1169     707     591     135
   1174     639     593     135
   1179     572     596     135
   1184     505     598     135
   1189     437     601     135
   1194     404     603     135
   1199     336     606     101
   1204     471     608     101
   1209     673     610    67,3
   1214    1413     613    67,3
   1219    2557     615    33,6
   1224    3399     618    67,3
   1229    3769     620    67,3
   1234    2995     623    67,3
   1239    2221     625    67,3
   1244    1245     628    33,6
   1249     673     630    33,6
   1254     336     633    33,6
   1259     370     635    33,6
   1264     404     638    33,6
   1269     404     640    67,3
   1274     370     643    67,3
   1279     303     645    67,3
   1284     336     648    67,3
   1289     336     650    67,3
   1294     303     652    67,3
   1299     303     655    33,6
   1304     269     657    33,6
   1309     202     660    33,6
   1314     202     662    33,6
   1319     303     665    33,6
   1324     370     667    33,6
   1329     370     670    67,3
   1334     303     672    33,6
   1339     202     675    33,6
   1344     202     677    33,6
   1349     101     680    33,6
   1354    67,3     682    33,6
   1359     135     685    67,3
   1364     269     687    67,3
   1369     269     690    67,3
   1374     236     692    33,6
   1379     202     695    33,6
   1384     202     697    67,3
   1389     135     700    67,3
   1394     202     702    67,3
   1399     202     704    33,6
   1404     269     707    33,6
   1409     336     709    67,3
   1414     336     712    33,6
   1419     303     714    33,6
   1424     303     717    33,6
   1429     336     719    33,6
   1434     236     722    33,6
   1439     135     724    67,3
   1444     135     727    33,6
   1449     168     729    33,6
   1454     202     732    33,6
   1459     236     734    67,3
   1464     101     737    33,6
   1469     135     739    33,6
   1474     168     742     0,0
   1479     202     744     0,0
   1484     168     747     0,0
   1489     101     749     0,0
   1494     101     752    33,6
   1499     135     754    33,6
   1504     135     757    33,6
   1509     135     759    33,6
   1514     135     761    33,6
   1519     202     764    33,6
   1524     269     766    67,3
   1529     336     769    33,6
   1534     336     771    33,6
   1539     202     774    33,6
   1544     168     776    33,6
   1549     168     779    33,6
   1554     202     781    33,6
   1559     168     784    33,6
   1564     202     786    33,6
   1569     168     789    33,6
   1574     135     791    33,6
   1579     168     794    33,6
   1584     168     796     0,0
   1589     101     799     0,0
   1594     168     801     0,0
   1599     135     804     0,0
   1604     101     806     0,0
   1609     135     809     0,0
   1614     101     811    33,6
   1619     101     813    33,6
   1624     101     816     0,0
   1629     101     818     0,0
   1634     101     821     0,0
   1639     101     823     0,0
   1644     135     826     0,0
   1649    67,3     828    33,6
   1654    67,3     831    33,6
   1659     101     833    33,6
   1660    74,0     834    35,0
   1662    69,0     835    26,0
   1664    68,0     836    31,0
   1666    80,0     837    36,0
   1668    78,0     838    37,0
   1670    59,0     839    24,0
   1672    73,0     840    24,0
   1674    76,0     841    19,0
   1676    72,0     842    28,0
   1678    72,0     843    37,0
   1680    61,0     844    22,0
   1682    47,0     845    33,0
   1685    58,0     846    33,0
   1687    55,0     847    29,0
   1689    65,0     848    28,0
   1691    59,0     849    27,0
   1693    58,0     850    31,0
   1695    47,0     851    25,0
   1697    60,0     852    30,0
   1699    46,0     853    27,0
   1701    53,0     854    34,0
   1703    43,0     855    37,0
   1705    52,0     856    27,0
   1707    53,0     857    16,0
   1709    74,0     858    29,0
   1711    69,0     859    24,0
   1713    65,0     860    28,0
   1715    63,0     861    38,0
   1717    55,0     862    25,0
   1719    58,0     863    34,0
   1721    44,0     864    28,0
   1723    59,0     865    25,0
   1725    62,0     866    31,0
   1727    52,0     867    41,0
   1729    52,0     868    32,0
   1731    53,0     869    33,0
   1733    54,0     870    37,0
   1735    53,0     871    35,0
   1737    50,0     872    30,0
   1739    52,0     873    33,0
   1741    74,0     874    35,0
   1743    68,0     875    33,0
   1745    63,0     876    30,0
   1747    64,0     877    23,0
   1749    61,0     878    43,0
   1751    61,0     879    36,0
   1753    53,0     880    31,0
   1755    50,0     881    44,0
   1757    44,0     882    26,0
   1759    54,0     883    18,0
   1761    50,0     884    37,0
   1763    42,0     885    38,0
   1765    61,0     886    38,0
   1767    56,0     887    33,0
   1769    47,0     888    43,0
   1771    39,0     889    34,0
   1773    54,0     890    41,0
   1775    49,0     891    49,0
   1777    43,0     892    40,0
   1780    47,0     893    41,0
   1782    45,0     894    50,0
   1784    46,0     895    44,0
   1786    44,0     896    42,0
   1788    59,0     897    38,0
   1790    57,0     898    32,0
   1792    43,0     899    19,0
   1794    48,0     900    27,0
   1796    48,0     901    39,0
   1798    48,0     902    31,0
   1800    47,0     903    28,0
   1802    42,0     904    33,0
   1804    34,0     905    28,0
   1806    32,0     906    25,0
   1808    37,0     907    24,0
   1810    33,0     908    28,0
   1812    42,0     909    27,0
   1814    40,0     910    25,0
   1816    39,0     911    34,0
   1818    33,0     912    26,0
   1820    33,0     913    26,0
   1822    32,0     914    17,0
   1824    52,0     915    28,0
   1826    41,0     916    25,0
   1828    33,0     917    30,0
   1830    43,0     918    11,0
   1832    32,0     919    30,0
   1834    35,0     920    21,0
   1836    37,0     921    22,0
   1838    44,0     922    24,0
   1840    44,0     923    32,0
   1842    39,0     924    19,0
   1844    34,0     925    18,0
   1846    38,0     926    26,0
   1848    33,0     927    18,0
   1850    31,0     928    21,0
   1852    48,0     929    20,0
   1854    29,0     930    22,0
   1856    34,0     931    25,0
   1858    29,0     932    20,0
   1860    31,0     933    26,0
   1862    30,0     934    20,0
   1864    38,0     935    21,0
   1866    30,0     936    25,0
   1868    39,0     937    10,0
   1870    46,0     938    19,0
   1872    43,0     939    24,0
   1874    31,0     940    25,0
   1876    35,0     941    18,0
   1878    45,0     942    18,0
   1880    29,0     943    18,0
   1882    28,0     944    26,0
   1884    36,0     945    21,0
   1886    43,0     946    24,0
   1888    31,0     947    12,0
   1890    25,0     948    20,0
   1892    28,0     949    18,0
   1894    27,0     950    17,0
   1896    40,0     951    21,0
   1898    37,0     952    21,0
   1900    36,0     953    25,0
   1902    33,0     954    16,0
   1904    31,0     955    19,0
   1906    34,0     956    22,0
   1908    29,0     957    30,0
   1910    40,0     958    21,0
   1912    22,0     959    20,0
   1914    33,0     960    24,0
   1916    31,0     961    15,0
   1918    31,0     962    17,0
   1920    25,0     963    23,0
   1922    42,0     964    23,0
   1924    54,0     965    14,0
   1926    61,0     966    25,0
   1928    55,0     967    20,0
   1930    61,0     968    11,0
   1932    75,0     969    26,0
   1934    39,0     970    21,0
   1936    58,0     971    25,0
   1938    47,0     972    18,0
   1940    38,0     973    20,0
   1942    42,0     974    14,0
   1944    37,0     975    23,0
   1946    31,0     976    21,0
   1948    28,0     977    23,0
   1950    32,0     978    17,0
   1952    36,0     979    16,0
   1954    26,0     980    16,0
   1956    27,0     981    25,0
   1958    21,0     982    24,0
   1961    36,0     983    18,0
   1963    21,0     984    18,0
   1965    30,0     985    25,0
   1967    24,0     986    20,0
   1969    17,0     987    13,0
   1971    28,0     988    27,0
   1973    30,0     989    25,0
   1975    22,0     990     9,0
   1977    28,0     991    15,0
   1979    20,0     992    19,0
   1981    23,0     993    24,0
   1983    25,0     994    14,0
   1985    28,0     995    17,0
   1987    29,0     996    11,0
   1989    28,0     997    21,0
   1991    33,0     998    22,0
   1993    25,0     999    13,0
   1995    26,0    1000    17,0
   1997    25,0    1001    17,0
   1999    29,0    1002    10,0
   2001    27,0    1003    18,0
   2003    22,0    1004    17,0
   2005    26,0    1005    16,0
   2007    19,0    1006    18,0
   2009    25,0    1007    19,0
   2011    26,0    1008    18,0
   2013    18,0    1009    27,0
   2015    24,0    1010    13,0
   2017    27,0    1011    14,0
   2019    20,0    1012    17,0
   2021    16,0    1013    14,0
   2023    25,0    1014    24,0
   2025    18,0    1015    19,0
   2027    28,0    1016    18,0
   2029    17,0    1017    15,0
   2031    23,0    1018    22,0
   2033     9,0    1019    12,0
   2035    25,0    1020    11,0
   2037    20,0    1021    17,0
   2039    18,0    1022    15,0
   2041    21,0    1023    11,0
   2043    27,0    1024    17,0
   2045    15,0    1025    21,0
   2047    34,0    1026    29,0
   2049    20,0    1027    25,0
   2051    25,0    1028    30,0
   2053    20,0    1029    18,0
   2055    20,0    1030    40,0
   2057    13,0    1031    43,0
   2059    16,0    1032    39,0
   2061    22,0    1033    44,0
   2063    16,0    1034    45,0
   2065    24,0    1035    36,0
   2067    24,0    1036    51,0
   2069    18,0    1037    50,0
   2071    19,0    1038    69,0
   2073    29,0    1039    56,0
   2075    30,0    1040    57,0
   2077    20,0    1041    67,0
   2079    32,0    1042    75,0
   2081    28,0    1043    70,0
   2083    27,0    1044    90,0
   2085    25,0    1045    85,0
   2087    27,0    1046     114
   2089    28,0    1047     113
   2091    35,0    1048    73,0
   2093    23,0    1049    60,0
   2095    20,0    1050    63,0
   2097    18,0    1051    41,0
   2099    32,0    1052    31,0
   2101    16,0    1053    27,0
   2103    18,0    1054    27,0
   2105    17,0    1055    25,0
   2107    14,0    1056    17,0
   2109    19,0    1057    16,0
   2111    22,0    1058    23,0
   2113    13,0    1059    15,0
   2115    16,0    1060    15,0
   2117    16,0    1061    12,0
   2119    23,0    1062    11,0
   2121    26,0    1063    18,0
   2123    15,0    1064    12,0
   2125    16,0    1065    18,0
   2127    20,0    1066    16,0
   2129    20,0    1067    12,0
   2131    15,0    1068    21,0
   2133    11,0    1069    13,0
   2135    15,0    1070    14,0
   2137    16,0    1071    21,0
   2139    20,0    1072    19,0
   2141    17,0    1073    11,0
   2143    14,0    1074    24,0
   2145    14,0    1075    11,0
   2147    10,0    1076    10,0
   2149    19,0    1077    16,0
   2151    13,0    1078    14,0
   2153    20,0    1079    14,0
   2155    17,0    1080    11,0
   2158    15,0    1081     6,0
   2160    13,0    1082     9,0
   2162    19,0    1083     6,0
   2164    21,0    1084    14,0
   2166    20,0    1085    12,0
   2168     5,0    1086    16,0
   2170    11,0    1087    12,0
   2172    17,0    1088    14,0
   2174    11,0    1089    17,0
   2176    20,0    1090     7,0
   2178     5,0    1091    13,0
   2180     9,0    1092     5,0
   2182    13,0    1093     8,0
   2184     9,0    1094    17,0
   2186    25,0    1095    13,0
   2188    15,0    1096    16,0
   2190    17,0    1097    11,0
   2192    19,0    1098    18,0
   2194    15,0    1099    12,0
   2196    25,0    1100    13,0
   2198    29,0    1101    14,0
   2200    18,0    1102    10,0
   2202     9,0    1103    12,0
   2204    21,0    1104     9,0
   2206    20,0    1105    17,0
   2208    20,0    1106     7,0
   2210    13,0    1107    17,0
   2212    18,0    1108    16,0
   2214    14,0    1109    15,0
   2216    16,0    1110     9,0
   2218    13,0    1111    17,0
   2220    11,0    1112    19,0
   2222    14,0    1113     9,0
   2224     8,0    1114     7,0
   2226    14,0    1115    17,0
   2228    13,0    1116    12,0
   2230     8,0    1117     7,0
   2232    14,0    1118    13,0
   2234    15,0    1119     7,0
   2236    15,0    1120     9,0
   2238    23,0    1121    13,0
   2240     6,0    1122     3,0
   2242     4,0    1123     6,0
   2244    13,0    1124    10,0
   2246    13,0    1125     7,0
   2248    11,0    1126    13,0
   2250    11,0    1127     4,0
   2252    17,0    1128     9,0
   2254     8,0    1129    12,0
   2256     9,0    1130    17,0
   2258    14,0    1131    11,0
   2260    14,0    1132    10,0
   2262    14,0    1133    14,0
   2264     9,0    1134    12,0
   2266     8,0    1135    10,0
   2268     7,0    1136    15,0
   2270    11,0    1137     9,0
   2272     9,0    1138    11,0
   2274    14,0    1139    12,0
   2276    12,0    1140    16,0
   2278    15,0    1141    16,0
   2280    10,0    1142    10,0
   2282    15,0    1143    12,0
   2284    12,0    1144    13,0
   2286    17,0    1145     8,0
   2288     7,0    1146    11,0
   2290    14,0    1147     8,0
   2292     9,0    1148     7,0
   2294     6,0    1149     7,0
   2296     9,0    1150     6,0
   2298    11,0    1151    10,0
   2300    10,0    1152     7,0
   2302    16,0    1153     5,0
   2304     8,0    1154    10,0
   2306     6,0    1155     7,0
   2308    12,0    1156    12,0
   2310    12,0    1157    11,0
   2312     5,0    1158    10,0
   2314    12,0    1159    14,0
   2316    15,0    1160    12,0
   2318    11,0    1161    14,0
   2320    11,0    1162    10,0
   2322    13,0    1163    11,0
   2324     9,0    1164     5,0
   2326     6,0    1165    12,0
   2328    14,0    1166    11,0
   2330     5,0    1167     8,0
   2332    11,0    1168     7,0
   2334    13,0    1169     7,0
   2336     6,0    1170    13,0
   2338    19,0    1171    13,0
   2340     8,0    1172    11,0
   2342     7,0    1173    11,0
   2345    10,0    1174    12,0
   2347     9,0    1175     9,0
   2349    14,0    1176    15,0
   2351     9,0    1177     9,0
   2353     9,0    1178     6,0
   2355    18,0    1179     9,0
   2357    12,0    1180    13,0
   2359    14,0    1181    16,0
   2361     3,0    1182     6,0
   2363     7,0    1183     5,0
   2365    12,0    1184     8,0
   2367    12,0    1185    10,0
   2369    10,0    1186     8,0
   2371     6,0    1187     7,0
   2373    16,0    1188     7,0
   2375    10,0    1189     6,0
   2377     5,0    1190     7,0
   2379     4,0    1191     7,0
   2381    10,0    1192    10,0
   2383    10,0    1193     7,0
   2385     6,0    1194    11,0
   2387     9,0    1195     7,0
   2389    10,0    1196    13,0
   2391     4,0    1197    12,0
   2393     6,0    1198     4,0
   2395     9,0    1199     3,0
   2397    11,0    1200    13,0
   2399    11,0    1201     5,0
   2401    11,0    1202    12,0
   2403    12,0    1203    10,0
   2405     7,0    1204    10,0
   2407     4,0    1205     3,0
   2409     7,0    1206     6,0
   2411     7,0    1207    13,0
   2413     4,0    1208     4,0
   2415    15,0    1209    11,0
   2417     8,0    1210     6,0
   2419    11,0    1211     7,0
   2421     9,0    1212     7,0
   2423     5,0    1213    10,0
   2425     6,0    1214     6,0
   2427     6,0    1215     8,0
   2429    14,0    1216    10,0
   2431     3,0    1217    10,0
   2433    10,0    1218     6,0
   2435    10,0    1219    10,0
   2437    10,0    1220     7,0
   2439     9,0    1221    12,0
   2441    13,0    1222    12,0
   2443    10,0    1223    10,0
   2445    10,0    1224     8,0
   2447     9,0    1225     6,0
   2449     9,0    1226    13,0
   2451     4,0    1227    13,0
   2453     6,0    1228     5,0
   2455    10,0    1229     6,0
   2457    10,0    1230    16,0
   2459    10,0    1231    23,0
   2461    10,0    1232    16,0
   2463    11,0    1233    16,0
   2465    13,0    1234    32,0
   2467    10,0    1235    22,0
   2469    15,0    1236    39,0
   2471    13,0    1237    73,0
   2473    10,0    1238    74,0
   2475    19,0    1239    82,0
   2477    16,0    1240    78,0
   2479     8,0    1241    62,0
   2481    17,0    1242    51,0
   2483    15,0    1243    38,0
   2485    15,0    1244    30,0
   2487    11,0    1245    19,0
   2489     9,0    1246    16,0
   2491     4,0    1247    10,0
   2493    10,0    1248    16,0
   2495     8,0    1249     9,0
   2497     7,0    1250    17,0
   2499     6,0    1251    12,0
   2501     6,0    1252    12,0
   2503     8,0    1253    14,0
   2505    10,0    1254    10,0
   2507     6,0    1255    17,0
   2509     8,0    1256    14,0
   2511     9,0    1257     7,0
   2513     5,0    1258     8,0
   2515     7,0    1259     6,0
   2517     7,0    1260     7,0
   2519     6,0    1261     8,0
   2521     6,0    1262     5,0
   2523     6,0    1263     6,0
   2525     7,0    1264     7,0
   2527    10,0    1265     7,0
   2529     7,0    1266     4,0
   2531     4,0    1267    10,0
   2533     4,0    1268     8,0
   2535     8,0    1269     4,0
   2537     9,0    1270     6,0
   2539     4,0    1271     5,0
   2541    11,0    1272     7,0
   2543     8,0    1273     7,0
   2545     3,0    1274     6,0
   2547     8,0    1275     2,0
   2549     8,0    1276     7,0
   2552     7,0    1277     3,0
   2554     6,0    1278     5,0
   2556     8,0    1279     8,0
   2558     6,0    1280     9,0
   2560     4,0    1281     8,0
   2562    10,0    1282     6,0
   2564     3,0    1283     4,0
   2566     8,0    1284    10,0
   2568     3,0    1285     4,0
   2570    10,0    1286    15,0
   2571     3,0    1287     7,0
   2573     4,0    1288     4,0
   2575    10,0    1289     4,0
   2577     2,0    1290     2,0
   2579     7,0    1291    10,0
   2581     6,0    1292     4,0
   2583     6,0    1293     6,0
   2585     9,0    1294    10,0
   2587     9,0    1295    10,0
   2589     7,0    1296     7,0
   2591     6,0    1297     6,0
   2594     8,0    1298     5,0
   2596     8,0    1299     5,0
   2598     8,0    1300     6,0
   2600     6,0    1301     5,0
   2602     7,0    1302     6,0
   2604     4,0    1303     5,0
   2606     6,0    1304     4,0
   2608     9,0    1305     3,0
   2610     5,0    1306     1,0
   2612     4,0    1307     3,0
   2614     4,0    1308     4,0
   2616     4,0    1309     2,0
   2618     9,0    1310     0,0
   2620     4,0    1311    11,0
   2622     6,0    1312     8,0
   2624     1,0    1313    11,0
   2626    10,0    1314     3,0
   2628     9,0    1315     3,0
   2630     8,0    1316     3,0
   2632     5,0    1317     7,0
   2634     4,0    1318     9,0
   2636     3,0    1319     3,0
   2638     6,0    1320     8,0
   2640     3,0    1321     5,0
   2642     2,0    1322     4,0
   2644     7,0    1323     3,0
   2646     4,0    1324     5,0
   2648     5,0    1325     2,0
   2650     8,0    1326     5,0
   2652     8,0    1327     6,0
   2654     1,0    1328     3,0
   2656     7,0    1329     3,0
   2658     1,0    1330     2,0
   2660     5,0    1331     3,0
   2662     5,0    1332     5,0
   2664     0,0    1333     4,0
   2666     5,0    1334     4,0
   2668     8,0    1335     7,0
   2670     3,0    1336     6,0
   2672     6,0    1337     4,0
   2674     2,0    1338     8,0
   2676     4,0    1339     9,0
   2678     8,0    1340     8,0
   2680    10,0    1341     6,0
   2682     8,0    1342     9,0
   2684     4,0    1343     2,0
   2686     7,0    1344     3,0
   2688     7,0    1345     7,0
   2690     5,0    1346     6,0
   2692     6,0    1347     8,0
   2694     9,0    1348     5,0
   2696     4,0    1349     2,0
   2698     7,0    1350     4,0
   2700     5,0    1351     3,0
   2702     8,0    1352     4,0
   2704     3,0    1353     8,0
   2706     6,0    1354     2,0
   2708     0,0    1355     1,0
   2710     2,0    1356     3,0
   2712     3,0    1357     4,0
   2714     4,0    1358     4,0
   2716     3,0    1359     4,0
   2718     5,0    1360     1,0
   2720     4,0    1361     5,0
   2722     5,0    1362     5,0
   2724     8,0    1363     5,0
   2726     8,0    1364     2,0
   2728     5,0    1365     5,0
   2730     3,0    1366     8,0
   2732     7,0    1367     2,0
   2734     3,0    1368     2,0
   2736     4,0    1369     6,0
   2738     4,0    1370     5,0
   2740     8,0    1371     3,0
   2742     4,0    1372     2,0
   2744     6,0    1373     6,0
   2746     5,0    1374     7,0
   2748     5,0    1375     4,0
   2750     2,0    1376     3,0
   2752     3,0    1377     4,0
   2754     2,0    1378     3,0
   2756     2,0    1379     6,0
   2758     3,0    1380     5,0
   2760     2,0    1381     4,0
   2762     4,0    1382     7,0
   2764     4,0    1383     4,0
   2766     2,0    1384     1,0
   2768     4,0    1385     5,0
   2770     9,0    1386     8,0
   2772     4,0    1387     2,0
   2775     5,0    1388     7,0
   2777     4,0    1389     3,0
   2779     4,0    1390     8,0
   2781     5,0    1391     4,0
   2783     6,0    1392     9,0
   2785     4,0    1393     5,0
   2787     3,0    1394     4,0
   2789     1,0    1395     1,0
   2791     3,0    1396     4,0
   2793     2,0    1397     2,0
   2795     3,0    1398     2,0
   2797     5,0    1399     2,0
   2799     4,0    1400     3,0
   2801     3,0    1401     2,0
   2803     5,0    1402     7,0
   2805     7,0    1403     3,0
   2807     5,0    1404     2,0
   2809     1,0    1405     7,0
   2811     6,0    1406     6,0
   2813     3,0    1407     3,0
   2815     4,0    1408     2,0
   2817     3,0    1409     1,0
   2819     4,0    1410     2,0
   2821    14,0    1411     1,0
   2823     2,0    1412     3,0
   2825     2,0    1413     3,0
   2827     4,0    1414     2,0
   2829     4,0    1415     4,0
   2831     3,0    1416     8,0
   2833     6,0    1417     6,0
   2835     5,0    1418     2,0
   2837     2,0    1419     3,0
   2839     2,0    1420     3,0
   2841     9,0    1421     5,0
   2843     7,0    1422     6,0
   2845     4,0    1423     3,0
   2847     4,0    1424     5,0
   2849     0,0    1425     2,0
   2851     5,0    1426     8,0
   2853     6,0    1427     2,0
   2855     2,0    1428     2,0
   2857     6,0    1429     8,0
   2859     2,0    1430     3,0
   2861     5,0    1431     6,0
   2863     4,0    1432     3,0
   2865     3,0    1433     8,0
   2867     4,0    1434     6,0
   2869     2,0    1435     7,0
   2871     3,0    1436     5,0
   2873     4,0    1437     4,0
   2875     7,0    1438     6,0
   2877     2,0    1439    10,0
   2879     6,0    1440     4,0
   2881     5,0    1441     3,0
   2883     3,0    1442     4,0
   2885     6,0    1443     3,0
   2887     1,0    1444     4,0
   2889     7,0    1445     8,0
   2891     5,0    1446     5,0
   2893     3,0    1447     4,0
   2895     6,0    1448     5,0
   2897     2,0    1449     3,0
   2899     6,0    1450     4,0
   2901     5,0    1451     2,0
   2903     5,0    1452     4,0
   2905     7,0    1453     3,0
   2907     3,0    1454     3,0
   2909     1,0    1455     4,0
   2911     2,0    1456     2,0
   2913     3,0    1457     3,0
   2915     3,0    1458     3,0
   2917     3,0    1459     3,0
   2919     1,0    1460     5,0
   2921     2,0    1461     1,0
   2923     3,0    1462     6,0
   2925     3,0    1463     2,0
   2927     5,0    1464     4,0
   2929     5,0    1465     5,0
   2931     5,0    1466     5,0
   2933     6,0    1467     3,0
   2935     2,0    1468     5,0
   2937     3,0    1469     4,0
   2939     3,0    1470     2,0
   2941     4,0    1471     8,0
   2943     1,0    1472     6,0
   2945     1,0    1473     7,0
   2947     3,0    1474     2,0
   2949     1,0    1475     0,0
   2951     3,0    1476     3,0
   2953     3,0    1477     4,0
   2955     0,0    1478     4,0
   2957     3,0    1479     2,0
   2959     3,0    1480     2,0
   2961     6,0    1481     2,0
   2963     1,0    1482     3,0
   2965     4,0    1483     5,0
   2967     1,0    1484     4,0
   2969     1,0    1485     3,0
   2971     2,0    1486     4,0
   2973     4,0    1487     6,0
   2975     2,0    1488     5,0
   2977     2,0    1489     4,0
   2979     3,0    1490     2,0
   2981     3,0    1491     3,0
   2983     4,0    1492     3,0
   2985     2,0    1493     2,0
   2987     1,0    1494     4,0
   2989     2,0    1495     3,0
   2991     6,0    1496     4,0
   2993     1,0    1497     3,0
   2995     2,0    1498     5,0
   2997     4,0    1499     3,0
   2999     2,0    1500     5,0
   3004     0,0    1502     0,0
   3009     0,0    1505     0,0
   3014     0,0    1508     0,0
   3019     0,0    1510     0,0
   3024     0,0    1512    33,6
   3029     0,0    1515     0,0
   3034     0,0    1518     0,0
   3039     0,0    1520     0,0
   3044     0,0    1522     0,0
   3049     0,0    1525     0,0
   3054     0,0    1528     0,0
   3059     0,0    1530     0,0
   3064     0,0    1533     0,0
   3069     0,0    1535    33,6
   3074     0,0    1538    33,6
   3079     0,0    1540     0,0
   3084     0,0    1543     0,0
   3089     0,0    1545     0,0
   3094     0,0    1548     0,0
   3099     0,0    1550    33,6
   3104     0,0    1553     0,0
   3109     0,0    1555     0,0
   3114     0,0    1558     0,0
   3119     0,0    1560     0,0
   3124     0,0    1563     0,0
   3129     0,0    1565     0,0
   3134     0,0    1568     0,0
   3139     0,0    1570     0,0
   3144     0,0    1573     0,0
   3149     0,0    1575     0,0
