07.12.2024   N1106
Образец: "Свинец"
LiF200
Трубка: "40,0/0,100"
        Отр1            Отр2
   [мА]  [Имп/с]   [мА]  [Имп/с]
   1000    2935     507    21,0
   1001    2747     508    25,0
   1002    2557     508    30,0
   1003    2391     508    21,0
   1004    2201     509    27,0
   1005    2163     509    25,0
   1006    1997     510    20,0
   1007    1892     510    21,0
   1008    1778     511    28,0
   1009    1711     511    22,0
   1010    1581     512    22,0
   1011    1514     512    16,0
   1012    1516     513    23,0
   1013    1385     513    27,0
   1014    1299     514    23,0
   1015    1293     514    24,0
   1016    1154     515    27,0
   1017    1085     515    18,0
   1018    1057     516    23,0
   1019     985     516    29,0
   1020     957     517    24,0
   1021     848     517    34,0
   1022     852     518    28,0
   1023     731     518    27,0
   1024     730     519    19,0
   1025     714     519    17,0
   1026     652     520    15,0
   1027     647     520    40,0
   1028     585     521    32,0
   1029     590     521    22,0
   1030     575     522    25,0
   1031     559     522    22,0
   1032     522     523    21,0
   1033     476     523    25,0
   1034     480     524    23,0
   1035     529     524    26,0
   1036     454     525    31,0
   1037     460     525    31,0
   1038     475     526    17,0
   1039     447     526    37,0
   1040     463     527    32,0
   1041     492     527    18,0
   1042     477     528    25,0
   1043     428     528    27,0
   1044     460     529    24,0
   1045     449     529    33,0
   1046     443     530    25,0
   1047     434     530    25,0
   1048     421     531    27,0
   1049     445     531    32,0
   1050     456     532    30,0
   1051     426     532    25,0
   1052     413     533    27,0
   1053     469     533    33,0
   1054     436     534    32,0
   1055     411     534    29,0
   1056     429     535    21,0
   1057     432     535    29,0
   1058     458     535    40,0
   1059     461     536    20,0
   1060     457     536    29,0
   1061     437     537    40,0
   1062     495     537    29,0
   1063     476     538    37,0
   1064     489     538    31,0
   1065     523     539    26,0
   1066     571     539    26,0
   1067     507     540    45,0
   1068     536     540    39,0
   1069     559     541    48,0
   1070     532     541    37,0
   1071     602     542    31,0
   1072     614     542    36,0
   1073     648     543    27,0
   1074     677     543    32,0
   1075     633     544    38,0
   1076     721     544    33,0
   1077     725     545    44,0
   1078     698     545    33,0
   1079     716     546    39,0
   1080     778     546    34,0
   1081     759     547    33,0
   1082     689     547    40,0
   1083     747     548    35,0
   1084     702     548    39,0
   1085     665     549    39,0
   1086     735     549    46,0
   1087     717     550    37,0
   1088     628     550    23,0
   1089     640     551    37,0
   1090     651     551    37,0
   1091     633     552    39,0
   1092     601     552    46,0
   1093     612     553    37,0
   1094     581     553    35,0
   1095     525     554    45,0
   1096     579     554    43,0
   1097     521     555    46,0
   1098     543     555    47,0
   1099     488     556    35,0
   1100     530     556    39,0
   1101     505     557    36,0
   1102     495     557    61,0
   1103     493     558    55,0
   1104     449     558    30,0
   1105     499     559    43,0
   1106     462     559    35,0
   1107     470     560    37,0
   1108     438     560    39,0
   1109     436     561    46,0
   1110     479     561    36,0
   1111     466     562    48,0
   1112     488     562    40,0
   1113     505     563    42,0
   1114     504     563    38,0
   1115     518     564    40,0
   1116     505     564    42,0
   1117     503     565    28,0
   1118     553     565    30,0
   1119     523     566    38,0
   1120     605     566    36,0
   1121     581     567    33,0
   1122     594     567    34,0
   1123     597     568    44,0
   1124     640     568    36,0
   1125     736     569    32,0
   1126     712     569    33,0
   1127     776     570    49,0
   1128     865     570    24,0
   1129     882     571    26,0
   1130     953     571    33,0
   1131    1019     572    26,0
   1132    1096     572    40,0
   1133    1143     573    24,0
   1134    1356     573    23,0
   1135    1419     574    34,0
   1136    1676     574    34,0
   1137    1743     575    24,0
   1138    2032     575    29,0
   1139    2192     576    36,0
   1140    2469     576    31,0
   1141    2720     577    27,0
   1142    3133     577    46,0
   1143    3401     578    29,0
   1144    3756     578    29,0
   1145    4198     579    37,0
   1146    4705     579    28,0
   1147    5245     580    23,0
   1148    5921     580    40,0
   1149    6805     581    44,0
   1150    7707     581    40,0
   1151    8771     582    51,0
   1152    9708     582    51,0
   1153   11082     583    46,0
   1154   12368     583    56,0
   1155   13794     584    70,0
   1156   15484     584    81,0
   1157   16661     585    91,0
   1158   17961     585    76,0
   1159   18933     586    87,0
   1160   20175     586    93,0
   1161   20747     587     100
   1162   21510     587    99,0
   1163   22146     588    93,0
   1164   22728     588     112
   1165   22641     589     102
   1166   22839     589     120
   1167   22377     590     123
   1168   21700     590     113
   1169   20988     591    99,0
   1170   19763     591    78,0
   1171   18809     592    86,0
   1172   17787     592    79,0
   1173   16871     593    69,0
   1174   15838     593    78,0
   1175   14887     594    71,0
   1176   13965     594    58,0
   1177   12919     595    70,0
   1178   11930     595    68,0
   1179   10879     596    53,0
   1180    9802     596    42,0
   1181    8886     597    46,0
   1182    7931     597    41,0
   1183    6962     598    57,0
   1184    5944     598    35,0
   1185    5042     599    49,0
   1186    4218     599    41,0
   1187    3602     600    42,0
   1188    3122     600    28,0
   1189    2656     601    49,0
   1190    2343     601    36,0
   1191    1984     602    29,0
   1192    1709     602    41,0
   1193    1513     602    35,0
   1194    1308     603    28,0
   1195    1152     603    34,0
   1196     959     604    29,0
   1197     809     604    35,0
   1198     777     605    37,0
   1199     605     606    31,0
   1200     547     606    28,0
   1201     465     607    37,0
   1202     437     607    30,0
   1203     398     608    32,0
   1204     395     608    29,0
   1205     343     609    35,0
   1206     316     609    25,0
   1207     324     609    35,0
   1208     303     610    32,0
   1209     316     610    28,0
   1210     304     611    33,0
   1211     312     611    30,0
   1212     292     612    30,0
   1213     273     612    27,0
   1214     273     613    24,0
   1215     275     613    30,0
   1216     238     614    27,0
   1217     256     614    27,0
   1218     266     615    22,0
   1219     265     615    23,0
   1220     248     616    19,0
   1221     264     616    25,0
   1222     251     617    25,0
   1223     237     617    29,0
   1224     248     618    27,0
   1225     263     618    21,0
   1226     282     619    26,0
   1227     233     619    27,0
   1228     244     620    19,0
   1229     246     620    24,0
   1230     242     621    27,0
   1231     240     621    22,0
   1232     253     622    23,0
   1233     263     622    25,0
   1234     243     623    26,0
   1235     230     623    19,0
   1236     233     624    24,0
   1237     230     624    25,0
   1238     206     625    27,0
   1239     215     625    19,0
   1240     230     626    19,0
   1241     215     626    23,0
   1242     217     627    29,0
   1243     239     627    23,0
   1244     224     628    18,0
   1245     203     628    22,0
   1246     215     629    18,0
   1247     194     629    19,0
   1248     195     630    17,0
   1249     194     630    20,0
   1250     227     631    30,0
   1251     194     631    23,0
   1252     219     632    17,0
   1253     203     632    24,0
   1254     217     633    18,0
   1255     215     633    19,0
   1256     178     634    31,0
   1257     170     634    24,0
   1258     228     635    29,0
   1259     193     635    23,0
   1260     186     636    19,0
   1261     195     636    24,0
   1262     205     637    22,0
   1263     183     637    19,0
   1264     173     638    17,0
   1265     169     638    16,0
   1266     183     639    22,0
   1267     169     639    23,0
   1268     191     640    21,0
   1269     192     640    26,0
   1270     149     641    25,0
   1271     180     641    20,0
   1272     183     642    22,0
   1273     187     642    26,0
   1274     192     643    19,0
   1275     197     643    18,0
   1276     187     644    14,0
   1277     182     644    21,0
   1278     184     645    15,0
   1279     160     645    15,0
   1280     189     646    19,0
   1281     187     646    15,0
   1282     177     647    17,0
   1283     207     647    29,0
   1284     175     648    20,0
   1285     189     648    24,0
   1286     177     649    25,0
   1287     163     649    25,0
   1288     186     650    24,0
   1289     198     650    18,0
   1290     187     651    18,0
   1291     203     651    13,0
   1292     178     652    20,0
   1293     189     652    10,0
   1294     207     652    17,0
   1295     182     653    21,0
   1296     165     653    16,0
   1297     203     654    20,0
   1298     180     654    20,0
   1299     166     655    12,0
   1300     175     655    20,0
   1301     170     656    20,0
   1302     170     656    16,0
   1303     175     657    15,0
   1304     170     657    15,0
   1305     185     658    19,0
   1306     177     658    14,0
   1307     169     659    19,0
   1308     195     659    20,0
   1309     197     660    22,0
   1310     186     660    15,0
   1311     191     661    13,0
   1312     198     661    17,0
   1313     193     662    18,0
   1314     179     662    25,0
   1315     186     663    19,0
   1316     212     663    17,0
   1317     203     664    14,0
   1318     231     664    14,0
   1319     237     665    20,0
   1320     289     665    17,0
   1321     287     666    18,0
   1322     293     666    21,0
   1323     307     667    14,0
   1324     366     667    20,0
   1325     387     668     7,0
   1326     412     668    20,0
   1327     507     669    18,0
   1328     516     669    15,0
   1329     595     670     8,0
   1330     633     670    24,0
   1331     665     671    12,0
   1332     768     671    15,0
   1333     770     672    18,0
   1334     843     672    23,0
   1335     854     673    19,0
   1336     913     673    18,0
   1337     937     674    22,0
   1338     962     674    12,0
   1339     968     675    20,0
   1340     979     675    19,0
   1341     926     676    11,0
   1342     951     676    21,0
   1343     911     677    18,0
   1344     930     677    16,0
   1345     839     678    14,0
   1346     762     678    12,0
   1347     745     679    22,0
   1348     732     679    23,0
   1349     632     680    18,0
   1350     614     680    17,0
   1351     556     681    21,0
   1352     511     681    13,0
   1353     438     682    20,0
   1354     426     682    19,0
   1355     378     683    21,0
   1356     355     683    16,0
   1357     346     684    17,0
   1358     305     684    10,0
   1359     254     685    23,0
   1360     255     685    17,0
   1361     204     686    23,0
   1362     208     686    19,0
   1363     221     687    18,0
   1364     183     687    14,0
   1365     148     688    13,0
   1366     167     688    14,0
   1367     162     689    17,0
   1368     148     689    21,0
   1369     142     690    19,0
   1370     166     690    25,0
   1371     157     691    18,0
   1372     149     691    24,0
   1373     155     692    27,0
   1374     175     692    19,0
   1375     176     693    17,0
   1376     158     693    18,0
   1377     146     694    17,0
   1378     188     694    11,0
   1379     177     695    20,0
   1380     175     695    19,0
   1381     174     696    24,0
   1382     150     696    15,0
   1383     167     696    18,0
   1384     174     697    20,0
   1385     174     698     8,0
   1386     154     698    23,0
   1387     143     699    17,0
   1388     171     699    25,0
   1389     165     700    14,0
   1390     133     700    18,0
   1391     153     701    11,0
   1392     147     701    13,0
   1393     150     702    17,0
   1394     147     702    20,0
   1395     131     703    18,0
   1396     132     703    11,0
   1397     155     703    18,0
   1398     120     704    14,0
   1399     123     704    16,0
   1400     111     705    22,0
   1401     115     705    17,0
   1402     131     706    15,0
   1403     123     706    13,0
   1404     129     707    22,0
   1405    99,0     707    16,0
   1406     117     708    11,0
   1407     113     708    11,0
   1408     116     709    16,0
   1409     128     709    14,0
   1410     119     710    12,0
   1411     124     710    15,0
   1412     121     711    16,0
   1413     117     711    17,0
   1414     134     712    16,0
   1415     123     712    18,0
   1416     130     713    17,0
   1417     137     713    14,0
   1418     147     714    18,0
   1419     145     714    11,0
   1420     167     715    19,0
   1421     138     715    12,0
   1422     150     716    18,0
   1423     131     716    17,0
   1424     128     717    17,0
   1425     144     717    13,0
   1426     155     718    21,0
   1427     141     718    17,0
   1428     133     719    19,0
   1429     147     719    11,0
   1430     149     720    15,0
   1431     137     720    16,0
   1432     135     721     7,0
   1433     144     721    14,0
   1434     122     722    15,0
   1435     124     722    12,0
   1436     124     723    21,0
   1437     139     723    19,0
   1438     126     724    16,0
   1439     121     724    15,0
   1440     111     725    15,0
   1441    93,0     725    10,0
   1442     117     726    14,0
   1443     123     726    15,0
   1444    94,0     727    15,0
   1445     106     727    19,0
   1446     102     728    19,0
   1447     108     728     9,0
   1448    96,0     729    11,0
   1449     106     729    19,0
   1450     106     730    14,0
   1451     108     730    22,0
   1452    81,0     731    20,0
   1453     103     731    13,0
   1454    99,0     732    15,0
   1455    99,0     732     9,0
   1456    98,0     733    23,0
   1457    98,0     733     8,0
   1458     104     734    15,0
   1459     100     734    11,0
   1460     107     735    13,0
   1461    90,0     735    21,0
   1462    89,0     736    13,0
   1463     111     736    11,0
   1464    95,0     737    21,0
   1465    92,0     737    19,0
   1466    86,0     738     9,0
   1467    98,0     738    16,0
   1468    81,0     739    15,0
   1469    98,0     739    18,0
   1470    92,0     740    17,0
   1471    91,0     740    11,0
   1472    94,0     741    14,0
   1473    97,0     741    16,0
   1474    91,0     742    19,0
   1475    89,0     742    14,0
   1476     105     743    11,0
   1477    91,0     743    13,0
   1478    97,0     744    12,0
   1479     111     744    12,0
   1480    93,0     745    21,0
   1481    88,0     745     6,0
   1482     100     746    11,0
   1483    91,0     746    13,0
   1484    82,0     747    12,0
   1485    79,0     747     8,0
   1486    78,0     748    15,0
   1487    84,0     748    18,0
   1488    75,0     749    16,0
   1489    90,0     749    11,0
   1490    79,0     750    20,0
   1491    87,0     750    15,0
   1492    84,0     751    18,0
   1493    81,0     751    10,0
   1494    93,0     752    11,0
   1495    55,0     752     8,0
   1496    76,0     753    13,0
   1497    92,0     753     9,0
   1498    88,0     754    16,0
   1499    83,0     754    18,0
   1500    77,0     755    16,0
   1592    60,0     800    21,0
   1594    71,0     801    15,0
   1596    53,0     802    16,0
   1598    51,0     803    20,0
   1600    77,0     804    23,0
   1602    58,0     805    28,0
   1604    58,0     806    27,0
   1606    52,0     807    37,0
   1608    68,0     808    36,0
   1610    49,0     809    44,0
   1612    60,0     810    49,0
   1614    59,0     811    51,0
   1616    47,0     812    49,0
   1618    62,0     813    47,0
   1620    64,0     814    55,0
   1622    52,0     815    55,0
   1624    60,0     816    48,0
   1626    55,0     817    54,0
   1628    70,0     818    42,0
   1630    49,0     819    54,0
   1632    69,0     820    42,0
   1634    67,0     821    37,0
   1636    56,0     822    49,0
   1638    57,0     823    39,0
   1640    57,0     824    49,0
   1642    57,0     825    43,0
   1644    58,0     826    45,0
   1646    59,0     827    59,0
   1648    54,0     828    67,0
   1650    64,0     829    80,0
   1652    62,0     830    82,0
   1654    72,0     831     101
   1656    74,0     832     115
   1658    58,0     833     114
   1660    75,0     834     125
   1662    80,0     835     123
   1664    78,0     836     146
   1666    87,0     837     152
   1668    81,0     838     136
   1670    59,0     839     150
   1672    78,0     840     116
   1674    55,0     841     100
   1676    45,0     842    81,0
   1678    56,0     843    54,0
   1680    73,0     844    57,0
   1682    44,0     845    27,0
   1685    37,0     846    31,0
   1687    51,0     847    21,0
   1689    46,0     848    22,0
   1691    47,0     849    17,0
   1693    53,0     850    15,0
   1695    41,0     851    13,0
   1697    49,0     852    12,0
   1699    37,0     853    18,0
   1701    43,0     854    12,0
   1703    37,0     855    19,0
   1705    46,0     856    23,0
   1707    45,0     857    10,0
   1709    42,0     858    12,0
   1711    33,0     859    13,0
   1713    39,0     860    12,0
   1715    39,0     861    11,0
   1717    54,0     862     9,0
   1719    40,0     863    24,0
   1721    40,0     864    20,0
   1723    50,0     865    14,0
   1725    41,0     866    13,0
   1727    45,0     867    17,0
   1729    48,0     868     9,0
   1731    29,0     869    16,0
   1733    45,0     870    12,0
   1735    35,0     871    16,0
   1737    36,0     872     8,0
   1739    36,0     873    14,0
   1741    47,0     874    18,0
   1743    41,0     875    10,0
   1745    55,0     876    11,0
   1747    46,0     877    13,0
   1749    55,0     878    12,0
   1751    49,0     879    10,0
   1753    39,0     880    12,0
   1755    47,0     881    11,0
   1757    41,0     882     9,0
   1759    43,0     883    12,0
   1761    42,0     884     4,0
   1763    38,0     885    11,0
   1765    32,0     886     9,0
   1767    34,0     887    14,0
   1769    36,0     888     5,0
   1771    44,0     889     7,0
   1773    40,0     890    12,0
   1775    42,0     891    11,0
   1777    45,0     892     7,0
   1780    46,0     893    13,0
   1782    31,0     894    11,0
   1784    32,0     895    15,0
   1786    37,0     896    19,0
   1788    33,0     897    10,0
   1790    43,0     898    11,0
   1792    38,0     899     9,0
   1794    43,0     900     4,0
   1796    33,0     901    12,0
   1798    43,0     902     9,0
   1800    34,0     903     9,0
   1802    28,0     904     7,0
   1804    33,0     905    10,0
   1806    39,0     906    11,0
   1808    40,0     907     8,0
   1810    31,0     908    13,0
   1812    30,0     909    10,0
   1814    22,0     910    11,0
   1816    32,0     911    13,0
   1818    36,0     912    11,0
   1820    27,0     913    17,0
   1822    41,0     914     8,0
   1824    31,0     915    13,0
   1826    33,0     916    11,0
   1828    38,0     917    11,0
   1830    31,0     918     9,0
   1832    35,0     919    15,0
   1834    47,0     920    14,0
   1836    34,0     921    11,0
   1838    31,0     922    10,0
   1840    37,0     923    11,0
   1842    38,0     924    14,0
   1844    29,0     925    11,0
   1846    38,0     926    10,0
   1848    31,0     927     7,0
   1850    36,0     928    16,0
   1852    29,0     929     9,0
   1854    32,0     930    12,0
   1856    32,0     931     5,0
   1858    32,0     932    11,0
   1860    30,0     933    13,0
   1862    41,0     934    11,0
   1864    34,0     935    16,0
   1866    25,0     936    10,0
   1868    32,0     937    12,0
   1870    29,0     938    12,0
   1872    31,0     939    17,0
   1874    31,0     940     9,0
   1876    30,0     941    20,0
   1878    33,0     942    42,0
   1880    40,0     943    29,0
   1882    38,0     944    35,0
   1884    33,0     945    40,0
   1886    32,0     946    46,0
   1888    42,0     947    39,0
   1890    41,0     948    57,0
   1892    37,0     949    50,0
   1894    36,0     950    54,0
   1896    31,0     951    46,0
   1898    37,0     952    51,0
   1900    39,0     953    49,0
   1902    28,0     954    43,0
   1904    35,0     955    38,0
   1906    28,0     956    44,0
   1908    39,0     957    44,0
   1910    43,0     958    31,0
   1912    37,0     959    49,0
   1914    23,0     960    54,0
   1916    29,0     961    66,0
   1918    39,0     962    62,0
   1920    40,0     963    67,0
   1922    56,0     964    96,0
   1924    79,0     965    98,0
   1926    75,0     966     135
   1928    94,0     967     137
   1930    93,0     968     145
   1932    96,0     969     209
   1934    87,0     970     230
   1936     110     971     287
   1938    88,0     972     326
   1940    95,0     973     356
   1942     105     974     496
   1944     131     975     598
   1946     134     976     680
   1948     141     977     817
   1950     156     978    1010
   1952     174     979    1188
   1954     182     980    1283
   1956     192     981    1142
   1958     164     982     945
   1961     141     983     814
   1963     141     984     714
   1965    99,0     985     494
   1967    91,0     986     395
   1969    59,0     987     261
   1971    54,0     988     197
   1973    45,0     989     111
   1975    29,0     990    80,0
   1977    35,0     991    50,0
   1979    40,0     992    41,0
   1981    25,0     993    29,0
   1983    31,0     994    26,0
   1985    27,0     995    30,0
   1987    26,0     996    29,0
   1989    45,0     997    30,0
   1991    25,0     998    24,0
   1993    31,0     999    32,0
   1995    44,0    1000    46,0
   1997    20,0    1001    47,0
   1999    33,0    1002    41,0
   2001    27,0    1003    56,0
   2003    23,0    1004    91,0
   2005    26,0    1005    78,0
   2007    29,0    1006    60,0
   2009    29,0    1007    58,0
   2011    23,0    1008    68,0
   2013    29,0    1009    40,0
   2015    25,0    1010    51,0
   2017    30,0    1011    29,0
   2019    17,0    1012    35,0
   2021    16,0    1013    39,0
   2023    23,0    1014    28,0
   2025    20,0    1015    34,0
   2027    25,0    1016    36,0
   2029    22,0    1017    44,0
   2031    32,0    1018    43,0
   2033    23,0    1019    31,0
   2035    24,0    1020    30,0
   2037    32,0    1021    34,0
   2039    27,0    1022    23,0
   2041    26,0    1023    31,0
   2043    26,0    1024    23,0
   2045    19,0    1025    20,0
   2047    23,0    1026    18,0
   2049    23,0    1027    12,0
   2051    22,0    1028    11,0
   2053    23,0    1029    15,0
   2055    19,0    1030    12,0
   2057    33,0    1031    12,0
   2059    23,0    1032    11,0
   2061    18,0    1033    16,0
   2063    14,0    1034     9,0
   2065    18,0    1035    10,0
   2067    23,0    1036    16,0
   2069    26,0    1037    12,0
   2071    19,0    1038     9,0
   2073    23,0    1039    18,0
   2075    25,0    1040    15,0
   2077    34,0    1041    17,0
   2079    12,0    1042    13,0
   2081    22,0    1043     9,0
   2083    15,0    1044    20,0
   2085    20,0    1045    10,0
   2087    28,0    1046    13,0
   2089    19,0    1047     9,0
   2091    25,0    1048    19,0
   2093    22,0    1049    13,0
   2095    24,0    1050    17,0
   2097    23,0    1051    12,0
   2099    23,0    1052    17,0
   2101    22,0    1053    12,0
   2103    25,0    1054     8,0
   2105    27,0    1055    17,0
   2107    21,0    1056    10,0
   2109    21,0    1057     9,0
   2111    16,0    1058     9,0
   2113    23,0    1059     7,0
   2115    13,0    1060     9,0
   2117    15,0    1061    13,0
   2119    22,0    1062     9,0
   2121    15,0    1063    10,0
   2123    15,0    1064     9,0
   2125    21,0    1065    15,0
   2127    19,0    1066    16,0
   2129    20,0    1067    11,0
   2131    16,0    1068    10,0
   2133    26,0    1069     9,0
   2135    14,0    1070    12,0
   2137    21,0    1071    14,0
   2139    17,0    1072    12,0
   2141    13,0    1073    11,0
   2143    19,0    1074    14,0
   2145    17,0    1075    13,0
   2147    27,0    1076     8,0
   2149    17,0    1077     6,0
   2151    14,0    1078    14,0
   2153    15,0    1079    12,0
   2155    10,0    1080    12,0
   2158    23,0    1081    14,0
   2160    23,0    1082     9,0
   2162    20,0    1083    14,0
   2164    17,0    1084    18,0
   2166    23,0    1085    14,0
   2168    19,0    1086    25,0
   2170    19,0    1087    22,0
   2172    26,0    1088    24,0
   2174    20,0    1089    31,0
   2176    19,0    1090    22,0
   2178    22,0    1091    26,0
   2180    11,0    1092    26,0
   2182    25,0    1093    22,0
   2184    18,0    1094    20,0
   2186    15,0    1095     9,0
   2188    11,0    1096    19,0
   2190    21,0    1097    17,0
   2192    19,0    1098    14,0
   2194    22,0    1099     8,0
   2196    16,0    1100     9,0
   2198    14,0    1101    14,0
   2200    25,0    1102     9,0
   2202    19,0    1103     7,0
   2204    20,0    1104    12,0
   2206    19,0    1105    10,0
   2208    13,0    1106    13,0
   2210    19,0    1107     9,0
   2212    17,0    1108     8,0
   2214    13,0    1109     9,0
   2216    10,0    1110     9,0
   2218    16,0    1111     9,0
   2220    15,0    1112     9,0
   2222    19,0    1113     8,0
   2224    23,0    1114     5,0
   2226    15,0    1115     5,0
   2228    19,0    1116    12,0
   2230    24,0    1117    11,0
   2232    16,0    1118     4,0
   2234    17,0    1119    12,0
   2236    11,0    1120    14,0
   2238    11,0    1121    12,0
   2240    14,0    1122     7,0
   2242    21,0    1123    19,0
   2244    11,0    1124     8,0
   2246    16,0    1125     8,0
   2248    19,0    1126     4,0
   2250    18,0    1127    13,0
   2252    14,0    1128    12,0
   2254    13,0    1129    12,0
   2256    11,0    1130     8,0
   2258    14,0    1131    10,0
   2260    22,0    1132    11,0
   2262     8,0    1133    15,0
   2264    18,0    1134    11,0
   2266    15,0    1135    10,0
   2268    18,0    1136     6,0
   2270    13,0    1137    11,0
   2272    10,0    1138     8,0
   2274    14,0    1139     6,0
   2276    19,0    1140    13,0
   2278    12,0    1141     8,0
   2280    10,0    1142     9,0
   2282    27,0    1143     8,0
   2284    16,0    1144     8,0
   2286     6,0    1145    11,0
   2288    19,0    1146    13,0
   2290    15,0    1147    12,0
   2292     9,0    1148    11,0
   2294    15,0    1149    17,0
   2296    15,0    1150    22,0
   2298    12,0    1151     6,0
   2300    17,0    1152     7,0
   2302    15,0    1153    10,0
   2304    13,0    1154     7,0
   2306    12,0    1155     6,0
   2308    12,0    1156    13,0
   2310    16,0    1157    14,0
   2312    18,0    1158    19,0
   2314    21,0    1159    21,0
   2316    15,0    1160    23,0
   2318    12,0    1161    29,0
   2320    14,0    1162    38,0
   2322    19,0    1163    43,0
   2324    15,0    1164    73,0
   2326    20,0    1165     115
   2328    22,0    1166     155
   2330    39,0    1167     223
   2332    36,0    1168     317
   2334    65,0    1169     462
   2336    96,0    1170     650
   2338    87,0    1171     839
   2340     122    1172     952
   2342    85,0    1173     966
   2345    71,0    1174     870
   2347    85,0    1175     728
   2349    67,0    1176     572
   2351    66,0    1177     428
   2353    42,0    1178     269
   2355    31,0    1179     175
   2357    33,0    1180     116
   2359    22,0    1181     108
   2361    20,0    1182     116
   2363    20,0    1183     127
   2365    24,0    1184     129
   2367    22,0    1185     112
   2369    22,0    1186    97,0
   2371    16,0    1187    74,0
   2373    25,0    1188    51,0
   2375    17,0    1189    45,0
   2377    14,0    1190    34,0
   2379    11,0    1191    16,0
   2381    13,0    1192    18,0
   2383    11,0    1193    10,0
   2385     7,0    1194    11,0
   2387    11,0    1195    13,0
   2389    18,0    1196    12,0
   2391     6,0    1197    11,0
   2393    12,0    1198    13,0
   2395    10,0    1199     6,0
   2397    10,0    1200     5,0
   2399    14,0    1201     9,0
   2401     9,0    1202    13,0
   2403    14,0    1203    11,0
   2405    15,0    1204    12,0
   2407    16,0    1205    12,0
   2409    11,0    1206     7,0
   2411    10,0    1207    13,0
   2413    13,0    1208     3,0
   2415    14,0    1209     8,0
   2417    12,0    1210    15,0
   2419    12,0    1211     4,0
   2421    11,0    1212    11,0
   2423    12,0    1213     8,0
   2425    14,0    1214     9,0
   2427    17,0    1215     7,0
   2429    11,0    1216     8,0
   2431    11,0    1217    12,0
   2433     7,0    1218     8,0
   2435     8,0    1219     3,0
   2437    12,0    1220     4,0
   2439    13,0    1221     4,0
   2441     9,0    1222     6,0
   2443    11,0    1223     8,0
   2445    14,0    1224     5,0
   2447    10,0    1225     5,0
   2449     6,0    1226     5,0
   2451     9,0    1227     5,0
   2453    11,0    1228     7,0
   2455    13,0    1229     7,0
   2457    16,0    1230     9,0
   2459    12,0    1231     9,0
   2461    14,0    1232     6,0
   2463     9,0    1233     6,0
   2465    14,0    1234     7,0
   2467    10,0    1235     4,0
   2469    11,0    1236     7,0
   2471    10,0    1237     6,0
   2473    11,0    1238     7,0
   2475     8,0    1239     7,0
   2477     8,0    1240     6,0
   2479     9,0    1241     9,0
   2481    13,0    1242    10,0
   2483    10,0    1243     7,0
   2485     9,0    1244     6,0
   2487     9,0    1245     8,0
   2489    13,0    1246     7,0
   2491    12,0    1247     7,0
   2493    14,0    1248     9,0
   2495    10,0    1249     5,0
   2497     6,0    1250     5,0
   2499     7,0    1251    14,0
   2501    10,0    1252     8,0
   2503     8,0    1253    12,0
   2505     9,0    1254    14,0
   2507     7,0    1255    11,0
   2509    12,0    1256    14,0
   2511     9,0    1257     8,0
   2513     8,0    1258     8,0
   2515    11,0    1259     7,0
   2517     6,0    1260     7,0
   2519    12,0    1261     3,0
   2521     2,0    1262    14,0
   2523    11,0    1263     4,0
   2525     7,0    1264     4,0
   2527    10,0    1265     3,0
   2529    10,0    1266     2,0
   2531    16,0    1267     9,0
   2533     9,0    1268     6,0
   2535    11,0    1269     9,0
   2537    12,0    1270     8,0
   2539     9,0    1271     7,0
   2541    12,0    1272     8,0
   2543    14,0    1273     4,0
   2545     5,0    1274     7,0
   2547     9,0    1275     2,0
   2549     8,0    1276     2,0
   2552     7,0    1277     3,0
   2554    10,0    1278     6,0
   2556    10,0    1279     5,0
   2558    14,0    1280     7,0
   2560    14,0    1281     4,0
   2562    10,0    1282     6,0
   2564    12,0    1283     7,0
   2566    11,0    1284     4,0
   2568    14,0    1285     8,0
   2570    10,0    1286     3,0
   2571    10,0    1287     4,0
   2573     9,0    1288     5,0
   2575     9,0    1289    11,0
   2577     9,0    1290     3,0
   2579     9,0    1291     8,0
   2581    13,0    1292     4,0
   2583    11,0    1293     4,0
   2585     9,0    1294     5,0
   2587    12,0    1295    12,0
   2589    11,0    1296     7,0
   2591     6,0    1297     4,0
   2594     7,0    1298     3,0
   2596     9,0    1299     7,0
   2598    11,0    1300     2,0
   2600    12,0    1301     7,0
   2602    12,0    1302     4,0
   2604    17,0    1303     5,0
   2606     9,0    1304     3,0
   2608     9,0    1305    10,0
   2610    10,0    1306     6,0
   2612     7,0    1307     0,0
   2614     9,0    1308     6,0
   2616     7,0    1309     1,0
   2618     9,0    1310     4,0
   2620     7,0    1311     5,0
   2622     7,0    1312     8,0
   2624     6,0    1313     2,0
   2626     8,0    1314     2,0
   2628    13,0    1315     9,0
   2630     9,0    1316     2,0
   2632     6,0    1317     5,0
   2634     7,0    1318     2,0
   2636    10,0    1319     4,0
   2638     6,0    1320     4,0
   2640     4,0    1321    10,0
   2642     7,0    1322     5,0
   2644     7,0    1323     4,0
   2646     3,0    1324     4,0
   2648     6,0    1325     1,0
   2650     9,0    1326    13,0
   2652    14,0    1327     4,0
   2654     6,0    1328     4,0
   2656     6,0    1329     2,0
   2658     7,0    1330    12,0
   2660    10,0    1331     5,0
   2662     7,0    1332     4,0
   2664     2,0    1333     6,0
   2666     7,0    1334     8,0
   2668    10,0    1335     6,0
   2670     8,0    1336     7,0
   2672    13,0    1337    12,0
   2674     9,0    1338    10,0
   2676     9,0    1339    11,0
   2678    12,0    1340     6,0
   2680     8,0    1341    15,0
   2682    13,0    1342    18,0
   2684     7,0    1343    16,0
   2686     5,0    1344    16,0
   2688     9,0    1345    16,0
   2690     6,0    1346    28,0
   2692     7,0    1347    25,0
   2694     7,0    1348    23,0
   2696     9,0    1349    18,0
   2698    11,0    1350    21,0
   2700     9,0    1351    13,0
   2702    13,0    1352     7,0
   2704     8,0    1353    13,0
   2706     3,0    1354     8,0
   2708    10,0    1355     6,0
   2710     7,0    1356     5,0
   2712     7,0    1357     5,0
   2714     8,0    1358     4,0
   2716     7,0    1359     4,0
   2718     6,0    1360     7,0
   2720     7,0    1361     5,0
   2722     4,0    1362     3,0
   2724     5,0    1363     7,0
   2726     8,0    1364     4,0
   2728     3,0    1365     9,0
   2730     6,0    1366     3,0
   2732     7,0    1367     5,0
   2734     3,0    1368     5,0
   2736     8,0    1369     1,0
   2738    10,0    1370     7,0
   2740     8,0    1371     5,0
   2742     6,0    1372     3,0
   2744    10,0    1373     3,0
   2746     8,0    1374     5,0
   2748     8,0    1375     9,0
   2750     8,0    1376     6,0
   2752     3,0    1377     7,0
   2754     3,0    1378     7,0
   2756     5,0    1379     3,0
   2758     4,0    1380     5,0
   2760     3,0    1381     6,0
   2762     9,0    1382     2,0
   2764     8,0    1383     5,0
   2766     4,0    1384     3,0
   2768     3,0    1385     7,0
   2770     8,0    1386     5,0
   2772     4,0    1387     3,0
   2775     9,0    1388     5,0
   2777    10,0    1389    12,0
   2779     6,0    1390     5,0
   2781     5,0    1391     8,0
   2783     6,0    1392     5,0
   2785     6,0    1393     3,0
   2787     4,0    1394     4,0
   2789     5,0    1395     8,0
   2791     8,0    1396     6,0
   2793     6,0    1397     5,0
   2795     3,0    1398     6,0
   2797     8,0    1399     3,0
   2799     8,0    1400     3,0
   2801     7,0    1401     6,0
   2803     8,0    1402     3,0
   2805     8,0    1403     3,0
   2807     7,0    1404     1,0
   2809     6,0    1405     5,0
   2811     6,0    1406     7,0
   2813     4,0    1407     7,0
   2815     6,0    1408     7,0
   2817     4,0    1409     8,0
   2819     7,0    1410     6,0
   2821     7,0    1411     9,0
   2823     9,0    1412     4,0
   2825     3,0    1413     4,0
   2827     0,0    1414     4,0
   2829     9,0    1415     1,0
   2831    11,0    1416     7,0
   2833     7,0    1417     4,0
   2835     5,0    1418     4,0
   2837     5,0    1419     4,0
   2839     9,0    1420     6,0
   2841     8,0    1421     3,0
   2843    10,0    1422     6,0
   2845     5,0    1423     3,0
   2847     5,0    1424     6,0
   2849     4,0    1425     3,0
   2851     6,0    1426     4,0
   2853     4,0    1427     8,0
   2855     5,0    1428     1,0
   2857     5,0    1429     6,0
   2859     3,0    1430     5,0
   2861     7,0    1431     2,0
   2863     3,0    1432     5,0
   2865     6,0    1433     5,0
   2867     7,0    1434     1,0
   2869     3,0    1435     3,0
   2871     4,0    1436     9,0
   2873     7,0    1437     8,0
   2875     2,0    1438     5,0
   2877     9,0    1439     6,0
   2879     6,0    1440     5,0
   2881     2,0    1441     3,0
   2883     2,0    1442     6,0
   2885     6,0    1443     6,0
   2887     3,0    1444     3,0
   2889     7,0    1445     6,0
   2891     3,0    1446     5,0
   2893     4,0    1447     8,0
   2895     4,0    1448     5,0
   2897     2,0    1449     5,0
   2899     7,0    1450     5,0
   2901     6,0    1451     3,0
   2903     4,0    1452     5,0
   2905     1,0    1453     1,0
   2907     3,0    1454     5,0
   2909     5,0    1455     1,0
   2911     8,0    1456     1,0
   2913     7,0    1457     6,0
   2915     2,0    1458     5,0
   2917     3,0    1459     8,0
   2919     4,0    1460     5,0
   2921     1,0    1461     2,0
   2923     9,0    1462    10,0
   2925     2,0    1463     7,0
   2927     4,0    1464     5,0
   2929     2,0    1465     6,0
   2931     4,0    1466    10,0
   2933     8,0    1467    12,0
   2935     2,0    1468    17,0
   2937    10,0    1469    15,0
   2939    12,0    1470    24,0
   2941     7,0    1471    32,0
   2943    15,0    1472    29,0
   2945     9,0    1473    26,0
   2947     8,0    1474    29,0
   2949     8,0    1475    11,0
   2951     9,0    1476     9,0
   2953     4,0    1477     9,0
   2955     3,0    1478    10,0
   2957     6,0    1479     9,0
   2959     5,0    1480     7,0
   2961     1,0    1481     4,0
   2963     4,0    1482     3,0
   2965     2,0    1483     4,0
   2967     4,0    1484     3,0
   2969     1,0    1485     5,0
   2971     5,0    1486     2,0
   2973     4,0    1487     3,0
   2975     2,0    1488     2,0
   2977     1,0    1489     8,0
   2979     4,0    1490     2,0
   2981     7,0    1491     7,0
   2983     3,0    1492     1,0
   2985     1,0    1493     3,0
   2987     5,0    1494     5,0
   2989     1,0    1495     6,0
   2991     4,0    1496     8,0
   2993     7,0    1497     4,0
   2995     2,0    1498     5,0
   2997     6,0    1499     4,0
   2999     2,0    1500     2,0
