    834     168     425    33,6
    839     202     427     0,0
    844     202     430     0,0
    849     235     432     0,0
    854     235     435     0,0
    859     202     437     0,0
    864     269     440     0,0
    869     269     442     0,0
    874     269     445     0,0
    879     235     447     0,0
    884     269     450     0,0
    889     269     452     0,0
    894     235     455     0,0
    899     269     457     0,0
    904     269     460     0,0
    909     235     462     0,0
    914     235     465     0,0
    919     269     467     0,0
    924     269     469     0,0
    929     269     472     0,0
    934     235     474    33,6
    939     235     477    33,6
    944     235     479    33,6
    949     269     482    67,2
    954     336     484    67,2
    959     403     487    67,2
    964     403     489    67,2
    969     336     492    33,6
    974     269     494    33,6
    979     202     497    33,6
    984     134     499    33,6
    989     134     502    33,6
    994     168     504    33,6
    999     202     507    33,6
   1004     235     509    33,6
   1009     269     511    33,6
   1014     269     514     0,0
   1019     269     516     0,0
   1024     235     519    33,6
   1029     235     521    33,6
   1034     235     524    33,6
   1039     269     526    33,6
   1044     303     529    33,6
   1049     336     531    33,6
   1054     370     534     0,0
   1059     370     536     0,0
   1064     303     538     0,0
   1069     269     541     0,0
   1074     336     543     0,0
   1079     471     546     0,0
   1084     639     548     0,0
   1089     740     551    33,6
   1094     807     553    33,6
   1099     706     556    33,6
   1104     773     558    67,2
   1109     874     561    33,6
   1114    1311     563    33,6
   1119    1681     566    33,6
   1124    1916     568    33,6
   1129    1647     571    33,6
   1134    1244     573    33,6
   1139     740     576    33,6
   1144     538     578    33,6
   1149     437     581    33,6
   1154     336     583    33,6
   1159     437     586    33,6
   1164     504     588    33,6
   1169     403     591    33,6
   1174     303     593    33,6
   1179     202     596    33,6
   1184     168     598    33,6
   1189     168     601    67,2
   1194     101     603    67,2
   1199     101     606    33,6
   1204     134     608    33,6
   1209     168     610    33,6
   1214     134     613     0,0
   1219     134     615     0,0
   1224     134     618     0,0
   1229     168     620     0,0
   1234     269     623     0,0
   1239     303     625     0,0
   1244     471     628     0,0
   1249     437     630     0,0
   1254     538     633     0,0
   1259    1076     635    33,6
   1264    2152     638     0,0
   1269    3396     640     0,0
   1274    4034     643     0,0
   1279    3698     645     0,0
   1284    2824     648    33,6
   1289    2152     650    33,6
   1294    2454     652    33,6
   1299    3463     655     0,0
   1304    5043     657     0,0
   1309    8069     660     0,0
   1314   10489     662     0,0
   1319   10456     665    33,6
   1324    8271     667    33,6
   1329    5984     670    33,6
   1334    3631     672    33,6
   1339    1984     675    33,6
   1344    1009     677     0,0
   1349     538     680    33,6
   1354     370     682    33,6
   1359     235     685    67,2
   1364     235     687    33,6
   1369     202     690    33,6
   1374     235     692     0,0
   1379     202     695    33,6
   1384     269     697     0,0
   1389     202     700    33,6
   1394     168     702     0,0
   1399     134     704     0,0
   1404     134     707     0,0
   1409     134     709     0,0
   1414     168     712    33,6
   1419     202     714    33,6
   1424     202     717    67,2
   1429     134     719    33,6
   1434     101     722    33,6
   1439     101     724     0,0
   1444     134     727     0,0
   1449     202     729     0,0
   1454     202     732     0,0
   1459     269     734     0,0
   1464     336     737    33,6
   1469     370     739    33,6
   1474     269     742    33,6
   1479     235     744     0,0
   1484     269     747     0,0
   1489     269     749     0,0
   1494     672     752     0,0
   1499    2152     754     0,0
   1504    6186     757    33,6
   1509    9851     759    33,6
   1514   10019     761    33,6
   1519    7766     764     0,0
   1524    5783     766     0,0
   1529    3194     769     0,0
   1534    1210     771     0,0
   1539     572     774     0,0
   1544     336     776     0,0
   1549     235     779     0,0
   1554    67,2     781     0,0
   1559    33,6     784     0,0
   1564     101     786     0,0
   1569     134     789     0,0
   1574     134     791     0,0
   1579    67,2     794     0,0
   1584    67,2     796     0,0
   1589     134     799     0,0
   1594    67,2     801     0,0
   1599    33,6     804     0,0
   1604     101     806     0,0
   1609     101     809     0,0
   1614    33,6     811    33,6
   1619    33,6     813    33,6
   1624    33,6     816    33,6
   1629    67,2     818     0,0
   1634    67,2     821    33,6
   1639     101     823     0,0
   1644     101     826     0,0
   1649    33,6     828     0,0
   1654    33,6     831     0,0
   1659    33,6     833     0,0
   1664    67,2     836     0,0
   1669    67,2     838     0,0
   1674     101     841     0,0
   1679    67,2     843     0,0
   1684    33,6     846     0,0
   1689    33,6     848     0,0
   1694    67,2     851     0,0
   1699     101     853     0,0
   1704     101     856     0,0
   1709    33,6     858     0,0
   1714     202     861     0,0
   1719     303     863     0,0
   1724     269     866    33,6
   1729     235     868     0,0
   1734     101     870     0,0
   1739     101     873    33,6
   1744     101     875    33,6
   1749    67,2     878    33,6
   1754    33,6     880     0,0
   1759     0,0     883     0,0
   1764    67,2     885     0,0
   1769    67,2     888     0,0
   1774     0,0     890     0,0
   1779    33,6     893     0,0
   1784    67,2     895     0,0
   1789    33,6     898     0,0
   1794    39,0     900     8,0
   1796    40,0     901    11,0
   1798    33,0     902     7,0
   1800    34,0     903     2,0
   1802    39,0     904     3,0
   1804    25,0     905     4,0
   1806    34,0     906     4,0
   1808    43,0     907     7,0
   1810    29,0     908    13,0
   1812    42,0     909     2,0
   1814    33,0     910     6,0
   1816    33,0     911     3,0
   1818    35,0     912     5,0
   1820    38,0     913     3,0
   1822    44,0     914     7,0
   1824    30,0     915     4,0
   1826    34,0     916     7,0
   1828    30,0     917     5,0
   1830    30,0     918     8,0
   1832    33,0     919     9,0
   1834    32,0     920     3,0
   1836    28,0     921     4,0
   1838    29,0     922     5,0
   1840    32,0     923     4,0
   1842    38,0     924    11,0
   1844    36,0     925     6,0
   1846    29,0     926     4,0
   1848    31,0     927     3,0
   1850    31,0     928     4,0
   1852    34,0     929     9,0
   1854    31,0     930     4,0
   1856    37,0     931     6,0
   1858    27,0     932     4,0
   1860    38,0     933     6,0
   1862    38,0     934     6,0
   1864    29,0     935     5,0
   1866    34,0     936     1,0
   1868    24,0     937     6,0
   1870    36,0     938     6,0
   1872    24,0     939     6,0
   1874    33,0     940     5,0
   1876    29,0     941     4,0
   1878    26,0     942     3,0
   1880    34,0     943     5,0
   1882    25,0     944     4,0
   1884    24,0     945     3,0
   1886    36,0     946     7,0
   1888    41,0     947     8,0
   1890    23,0     948     3,0
   1892    20,0     949     6,0
   1894    25,0     950     4,0
   1896    37,0     951     2,0
   1898    33,0     952     3,0
   1900    30,0     953     5,0
   1902    19,0     954     3,0
   1904    33,0     955     2,0
   1906    32,0     956     4,0
   1908    30,0     957     2,0
   1910    19,0     958     4,0
   1912    22,0     959     8,0
   1914    24,0     960     7,0
   1916    20,0     961     2,0
   1918    31,0     962     7,0
   1920    29,0     963     2,0
   1922    52,0     964     4,0
   1924    52,0     965     8,0
   1926    87,0     966     7,0
   1928    68,0     967     3,0
   1930    64,0     968     7,0
   1932    49,0     969     8,0
   1934    70,0     970     2,0
   1936    59,0     971     1,0
   1938    39,0     972     4,0
   1940    51,0     973     4,0
   1942    38,0     974     2,0
   1944    35,0     975     6,0
   1946    28,0     976     9,0
   1948    29,0     977     4,0
   1950    31,0     978     6,0
   1952    23,0     979     6,0
   1954    20,0     980     5,0
   1956    28,0     981     2,0
   1958    23,0     982     5,0
   1961    34,0     983     8,0
   1963    32,0     984     5,0
   1965    21,0     985    10,0
   1967    26,0     986     3,0
   1969    24,0     987     2,0
   1971    18,0     988     6,0
   1973    18,0     989     3,0
   1975    24,0     990     2,0
   1977    33,0     991     2,0
   1979    20,0     992     3,0
   1981    24,0     993     6,0
   1983    26,0     994     4,0
   1985    25,0     995     5,0
   1987    22,0     996     4,0
   1989    29,0     997     1,0
   1991    22,0     998     4,0
   1993    31,0     999     4,0
   1995    37,0    1000     6,0
   1997    39,0    1001     9,0
   1999    25,0    1002     3,0
   2001    22,0    1003     4,0
   2003    24,0    1004     3,0
   2005    25,0    1005     6,0
   2007    32,0    1006     7,0
   2009    22,0    1007     4,0
   2011    21,0    1008     3,0
   2013    21,0    1009     3,0
   2015    19,0    1010     1,0
   2017    20,0    1011     7,0
   2019    26,0    1012     4,0
   2021    14,0    1013     4,0
   2023    25,0    1014     6,0
   2025    26,0    1015     5,0
   2027    21,0    1016     3,0
   2029    16,0    1017     5,0
   2031    17,0    1018     1,0
   2033    23,0    1019     2,0
   2035    24,0    1020     7,0
   2037    26,0    1021     6,0
   2039    28,0    1022     2,0
   2041    22,0    1023     6,0
   2043    22,0    1024     9,0
   2045    26,0    1025     5,0
   2047    23,0    1026     6,0
   2049    39,0    1027     3,0
   2051    26,0    1028     2,0
   2053    19,0    1029     2,0
   2055    23,0    1030     7,0
   2057    27,0    1031    10,0
   2059    21,0    1032     3,0
   2061    18,0    1033     1,0
   2063    21,0    1034     5,0
   2065    21,0    1035     6,0
   2067    25,0    1036     3,0
   2069    15,0    1037     6,0
   2071     7,0    1038     1,0
   2073    19,0    1039     6,0
   2075    33,0    1040     3,0
   2077    25,0    1041     2,0
   2079    18,0    1042     3,0
   2081    19,0    1043     4,0
   2083     7,0    1044     6,0
   2085    19,0    1045     1,0
   2087    27,0    1046     3,0
   2089    28,0    1047     3,0
   2091    21,0    1048     4,0
   2093    18,0    1049     1,0
   2095    23,0    1050     8,0
   2097    19,0    1051     5,0
   2099    19,0    1052     4,0
   2101    17,0    1053     6,0
   2103    23,0    1054     5,0
   2105    13,0    1055     2,0
   2107    16,0    1056     4,0
   2109    25,0    1057     3,0
   2111    21,0    1058     8,0
   2113    15,0    1059     4,0
   2115    21,0    1060    10,0
   2117    29,0    1061    15,0
   2119    24,0    1062     7,0
   2121    20,0    1063    12,0
   2123    17,0    1064     8,0
   2125    20,0    1065    10,0
   2127    29,0    1066     5,0
   2129    21,0    1067     9,0
   2131    13,0    1068     6,0
   2133    26,0    1069     3,0
   2135    20,0    1070     2,0
   2137    27,0    1071     5,0
   2139    21,0    1072     3,0
   2141    17,0    1073     7,0
   2143    16,0    1074     4,0
   2145    14,0    1075     6,0
   2147    14,0    1076     1,0
   2149    17,0    1077     1,0
   2151    12,0    1078     2,0
   2153    18,0    1079     3,0
   2155    17,0    1080     3,0
   2158    21,0    1081     4,0
   2160    17,0    1082     2,0
   2162    18,0    1083     2,0
   2164    17,0    1084     5,0
   2166    14,0    1085     3,0
   2168    24,0    1086     5,0
   2170    24,0    1087     2,0
   2172    12,0    1088     5,0
   2174    14,0    1089     6,0
   2176    12,0    1090     3,0
   2178    14,0    1091    12,0
   2180    27,0    1092    11,0
   2182    17,0    1093    10,0
   2184    18,0    1094    16,0
   2186    19,0    1095    24,0
   2188    23,0    1096    24,0
   2190    20,0    1097    30,0
   2192    30,0    1098    25,0
   2194    33,0    1099    18,0
   2196    24,0    1100    13,0
   2198    18,0    1101    30,0
   2200    26,0    1102    12,0
   2202    23,0    1103    25,0
   2204    23,0    1104    13,0
   2206    24,0    1105    15,0
   2208    16,0    1106     9,0
   2210    18,0    1107    12,0
   2212    14,0    1108     9,0
   2214    25,0    1109     4,0
   2216    16,0    1110     9,0
   2218    19,0    1111     2,0
   2220    26,0    1112    13,0
   2222    13,0    1113     5,0
   2224    25,0    1114     8,0
   2226     9,0    1115     4,0
   2228    19,0    1116     5,0
   2230    13,0    1117     1,0
   2232    17,0    1118     5,0
   2234    18,0    1119     3,0
   2236    12,0    1120     8,0
   2238    20,0    1121     1,0
   2240    14,0    1122     6,0
   2242    15,0    1123     6,0
   2244    11,0    1124     9,0
   2246    14,0    1125     9,0
   2248    10,0    1126    12,0
   2250    15,0    1127     9,0
   2252    15,0    1128    18,0
   2254    11,0    1129    20,0
   2256    20,0    1130    23,0
   2258    16,0    1131    29,0
   2260    24,0    1132    37,0
   2262    23,0    1133    60,0
   2264    23,0    1134    64,0
   2266    31,0    1135    87,0
   2268    30,0    1136     101
   2270    20,0    1137    82,0
   2272    17,0    1138    48,0
   2274    18,0    1139    44,0
   2276    24,0    1140    39,0
   2278    22,0    1141    21,0
   2280    19,0    1142    21,0
   2282     9,0    1143    11,0
   2284    17,0    1144     9,0
   2286    10,0    1145     6,0
   2288    12,0    1146     5,0
   2290    13,0    1147    10,0
   2292    13,0    1148     7,0
   2294    11,0    1149    10,0
   2296     9,0    1150     4,0
   2298    11,0    1151     5,0
   2300     6,0    1152     4,0
   2302    15,0    1153     4,0
   2304    16,0    1154     3,0
   2306    11,0    1155     5,0
   2308    10,0    1156     1,0
   2310    13,0    1157     3,0
   2312    19,0    1158     4,0
   2314    16,0    1159     2,0
   2316    17,0    1160     6,0
   2318     8,0    1161     7,0
   2320    14,0    1162     2,0
   2322     7,0    1163     4,0
   2324    10,0    1164     3,0
   2326    13,0    1165     3,0
   2328    15,0    1166     3,0
   2330    12,0    1167     9,0
   2332     8,0    1168     4,0
   2334    18,0    1169     8,0
   2336    15,0    1170     6,0
   2338    10,0    1171     9,0
   2340     7,0    1172     9,0
   2342    12,0    1173     8,0
   2345     8,0    1174     6,0
   2347    15,0    1175     5,0
   2349     7,0    1176     6,0
   2351    22,0    1177     8,0
   2353     9,0    1178     6,0
   2355    14,0    1179     4,0
   2357    14,0    1180     8,0
   2359    18,0    1181     4,0
   2361    14,0    1182     4,0
   2363    14,0    1183     2,0
   2365    13,0    1184    10,0
   2367    18,0    1185     5,0
   2369    16,0    1186     4,0
   2371    10,0    1187     3,0
   2373    10,0    1188     2,0
   2375    13,0    1189     5,0
   2377    11,0    1190     0,0
   2379    10,0    1191     2,0
   2381    11,0    1192     3,0
   2383    13,0    1193     2,0
   2385     9,0    1194     3,0
   2387    16,0    1195     1,0
   2389    16,0    1196     4,0
   2391     6,0    1197     4,0
   2393    11,0    1198     2,0
   2395    17,0    1199     1,0
   2397    10,0    1200     4,0
   2399    14,0    1201     2,0
   2401    10,0    1202     4,0
   2403    15,0    1203     2,0
   2405     9,0    1204     2,0
   2407    13,0    1205     1,0
   2409    21,0    1206     3,0
   2411     6,0    1207     2,0
   2413     9,0    1208     5,0
   2415    14,0    1209     2,0
   2417    14,0    1210     5,0
   2419    14,0    1211     0,0
   2421    10,0    1212     1,0
   2423    13,0    1213     2,0
   2425     8,0    1214     4,0
   2427    17,0    1215     3,0
   2429    13,0    1216     1,0
   2431     9,0    1217     4,0
   2433    13,0    1218     3,0
   2435    11,0    1219     2,0
   2437    11,0    1220     5,0
   2439    11,0    1221     1,0
   2441    13,0    1222     5,0
   2443    11,0    1223     5,0
   2445    10,0    1224     2,0
   2447    10,0    1225     4,0
   2449    17,0    1226     1,0
   2451    14,0    1227     2,0
   2453    13,0    1228     5,0
   2455     8,0    1229     3,0
   2457    11,0    1230     4,0
   2459    13,0    1231     5,0
   2461    12,0    1232     2,0
   2463    11,0    1233     4,0
   2465    15,0    1234     3,0
   2467    12,0    1235     2,0
   2469    11,0    1236     5,0
   2471    12,0    1237     2,0
   2473     8,0    1238     4,0
   2475    10,0    1239     4,0
   2477     7,0    1240     3,0
   2479    11,0    1241     2,0
   2481     7,0    1242     6,0
   2483     9,0    1243     6,0
   2485     8,0    1244     1,0
   2487    11,0    1245     3,0
   2489    12,0    1246     5,0
   2491     8,0    1247     1,0
   2493    16,0    1248     7,0
   2495     4,0    1249     1,0
   2497     4,0    1250     9,0
   2499    19,0    1251     3,0
   2501     7,0    1252     5,0
   2503    14,0    1253     8,0
   2505    14,0    1254     5,0
   2507     9,0    1255     5,0
   2509     7,0    1256     5,0
   2511     8,0    1257     5,0
   2513     6,0    1258     3,0
   2515    11,0    1259     5,0
   2517    15,0    1260     9,0
   2519    10,0    1261    11,0
   2521    11,0    1262     7,0
   2523     8,0    1263    12,0
   2525    10,0    1264     5,0
   2527     8,0    1265    10,0
   2529     2,0    1266     8,0
   2531     6,0    1267     4,0
   2533     6,0    1268     4,0
   2535     7,0    1269     3,0
   2537    11,0    1270     3,0
   2539    12,0    1271     5,0
   2541    18,0    1272     8,0
   2543     6,0    1273    10,0
   2545     7,0    1274     7,0
   2547     8,0    1275    18,0
   2549    18,0    1276    27,0
   2552    14,0    1277    32,0
   2554    14,0    1278    39,0
   2556    22,0    1279    76,0
   2558    19,0    1280     117
   2560    33,0    1281     176
   2562    25,0    1282     174
   2564    22,0    1283     147
   2566    22,0    1284     130
   2568    17,0    1285     104
   2570    18,0    1286    70,0
   2571    13,0    1287    54,0
   2573     9,0    1288    36,0
   2575    16,0    1289    21,0
   2577    13,0    1290    14,0
   2579    11,0    1291    11,0
   2581     6,0    1292    17,0
   2583     9,0    1293     8,0
   2585    10,0    1294    16,0
   2587     8,0    1295     8,0
   2589    10,0    1296    10,0
   2591     6,0    1297     8,0
   2594     8,0    1298    12,0
   2596    13,0    1299    15,0
   2598    12,0    1300    22,0
   2600    11,0    1301    28,0
   2602     9,0    1302    48,0
   2604    11,0    1303    61,0
   2606    15,0    1304    58,0
   2608    13,0    1305    77,0
   2610    12,0    1306    66,0
   2612    13,0    1307    49,0
   2614    16,0    1308    46,0
   2616    12,0    1309    33,0
   2618    10,0    1310    16,0
   2620    16,0    1311    14,0
   2622    12,0    1312    12,0
   2624     5,0    1313    15,0
   2626     7,0    1314    11,0
   2628     5,0    1315    16,0
   2630     9,0    1316    12,0
   2632    10,0    1317    12,0
   2634    12,0    1318    31,0
   2636    10,0    1319    35,0
   2638     8,0    1320    63,0
   2640    22,0    1321     113
   2642    24,0    1322     176
   2644    48,0    1323     325
   2646    45,0    1324     455
   2648    52,0    1325     411
   2650    46,0    1326     335
   2652    35,0    1327     289
   2654    38,0    1328     212
   2656    17,0    1329     140
   2658    20,0    1330    93,0
   2660    18,0    1331    55,0
   2662     7,0    1332    24,0
   2664     9,0    1333    18,0
   2666    11,0    1334    10,0
   2668     5,0    1335    18,0
   2670     9,0    1336     6,0
   2672     8,0    1337    20,0
   2674     9,0    1338    18,0
   2676     5,0    1339    19,0
   2678     9,0    1340    28,0
   2680    13,0    1341    32,0
   2682    13,0    1342    40,0
   2684    10,0    1343    46,0
   2686     6,0    1344    42,0
   2688     9,0    1345    36,0
   2690    12,0    1346    43,0
   2692     6,0    1347    23,0
   2694     7,0    1348    17,0
   2696    13,0    1349    14,0
   2698     4,0    1350    13,0
   2700     6,0    1351    10,0
   2702     7,0    1352     4,0
   2704    13,0    1353     6,0
   2706    10,0    1354     9,0
   2708     3,0    1355     5,0
   2710    10,0    1356     2,0
   2712     6,0    1357     4,0
   2714    14,0    1358     8,0
   2716     7,0    1359     3,0
   2718    10,0    1360     5,0
   2720    10,0    1361     2,0
   2722     2,0    1362     5,0
   2724     8,0    1363     2,0
   2726     6,0    1364     4,0
   2728    11,0    1365     7,0
   2730     7,0    1366     4,0
   2732     6,0    1367     6,0
   2734     5,0    1368     6,0
   2736     3,0    1369     1,0
   2738     5,0    1370     2,0
   2740     9,0    1371     3,0
   2742     5,0    1372     3,0
   2744     7,0    1373     4,0
   2746    11,0    1374     1,0
   2748     9,0    1375     2,0
   2750    10,0    1376     4,0
   2752     7,0    1377     1,0
   2754     3,0    1378     2,0
   2756     8,0    1379     0,0
   2758     6,0    1380     9,0
   2760     5,0    1381     2,0
   2762     5,0    1382     3,0
   2764     1,0    1383     2,0
   2766     5,0    1384     3,0
   2768     6,0    1385     9,0
   2770     3,0    1386     3,0
   2772     4,0    1387     3,0
   2775     3,0    1388     0,0
   2777     8,0    1389     4,0
   2779     5,0    1390     5,0
   2781     7,0    1391     3,0
   2783     7,0    1392     0,0
   2785     5,0    1393     4,0
   2787     7,0    1394     2,0
   2789     7,0    1395     4,0
   2791     4,0    1396     6,0
   2793     1,0    1397     4,0
   2795     7,0    1398     2,0
   2797     8,0    1399     8,0
   2799     4,0    1400     2,0
   2801     4,0    1401     2,0
   2803     6,0    1402     7,0
   2805     2,0    1403     4,0
   2807     9,0    1404     4,0
   2809     6,0    1405     3,0
   2811     7,0    1406     1,0
   2813     8,0    1407     3,0
   2815     5,0    1408     2,0
   2817     3,0    1409     3,0
   2819     7,0    1410     2,0
   2821     4,0    1411     6,0
   2823     8,0    1412     1,0
   2825     5,0    1413     2,0
   2827     4,0    1414     3,0
   2829     9,0    1415     3,0
   2831     5,0    1416     1,0
   2833     4,0    1417     4,0
   2835     8,0    1418     4,0
   2837     2,0    1419     5,0
   2839     2,0    1420     3,0
   2841     5,0    1421     5,0
   2843     8,0    1422     5,0
   2845     4,0    1423     4,0
   2847     2,0    1424     1,0
   2849     4,0    1425     3,0
   2851     4,0    1426     3,0
   2853     5,0    1427     7,0
   2855     4,0    1428     7,0
   2857     9,0    1429     4,0
   2859     7,0    1430     4,0
   2861     7,0    1431     7,0
   2863     1,0    1432     2,0
   2865     3,0    1433     2,0
   2867     3,0    1434     7,0
   2869     3,0    1435     6,0
   2871     2,0    1436     0,0
   2873     6,0    1437     2,0
   2875     4,0    1438     4,0
   2877     3,0    1439     2,0
   2879     2,0    1440     4,0
   2881     4,0    1441     2,0
   2883     2,0    1442     3,0
   2885     3,0    1443     3,0
   2887     4,0    1444     4,0
   2889     5,0    1445     3,0
   2891     9,0    1446     5,0
   2893     2,0    1447     1,0
   2895     3,0    1448     2,0
   2897     1,0    1449     3,0
   2899     1,0    1450     2,0
   2901     5,0    1451     3,0
   2903     9,0    1452     3,0
   2905     4,0    1453     5,0
   2907     5,0    1454     4,0
   2909     6,0    1455     4,0
   2911     1,0    1456     5,0
   2913     4,0    1457     2,0
   2915     3,0    1458     5,0
   2917     4,0    1459     3,0
   2919     1,0    1460     4,0
   2921     2,0    1461     3,0
   2923    10,0    1462     2,0
   2925     4,0    1463     3,0
   2927     6,0    1464     9,0
   2929     1,0    1465     3,0
   2931     9,0    1466     6,0
   2933     3,0    1467     4,0
   2935     4,0    1468     6,0
   2937     8,0    1469     8,0
   2939     4,0    1470     9,0
   2941     6,0    1471     9,0
   2943     5,0    1472     3,0
   2945     3,0    1473     8,0
   2947     6,0    1474     7,0
   2949     5,0    1475     8,0
   2951     6,0    1476     7,0
   2953     3,0    1477     6,0
   2955     0,0    1478     5,0
   2957     5,0    1479     5,0
   2959     3,0    1480     5,0
   2961     3,0    1481     1,0
   2963     3,0    1482     4,0
   2965     2,0    1483     5,0
   2967     3,0    1484     3,0
   2969     5,0    1485     4,0
   2971     3,0    1486     4,0
   2973     5,0    1487     6,0
   2975     1,0    1488     0,0
   2977     1,0    1489     4,0
   2979     1,0    1490     3,0
   2981     3,0    1491     3,0
   2983     5,0    1492     6,0
   2985     1,0    1493     3,0
   2987     5,0    1494     1,0
   2989     3,0    1495     6,0
   2991     6,0    1496     3,0
   2993     4,0    1497     3,0
   2995     4,0    1498     6,0
   2997     4,0    1499     5,0
   2999     9,0    1500     4,0
   3001     5,0    1501     1,0
   3003     4,0    1502     6,0
   3005     5,0    1503     9,0
   3007     6,0    1504     7,0
   3009     2,0    1505     4,0
   3011     9,0    1506     9,0
   3013     2,0    1507     5,0
   3015     2,0    1508     2,0
   3017     3,0    1509     5,0
   3019     3,0    1510     8,0
   3021     5,0    1511    14,0
   3023     3,0    1512     5,0
   3025     2,0    1513    16,0
   3027     6,0    1514    16,0
   3029     4,0    1515    13,0
   3031     6,0    1516    31,0
   3033     9,0    1517    66,0
   3035     8,0    1518     150
   3037    20,0    1519     281
   3039    33,0    1520     369
   3041    23,0    1521     337
   3043    30,0    1522     274
   3045    21,0    1523     188
   3047    10,0    1524     101
   3049     7,0    1525    50,0
   3051     1,0    1526    21,0
   3053     5,0    1527    18,0
   3055     6,0    1528    35,0
   3057     3,0    1529    19,0
   3059     7,0    1530    40,0
   3061     7,0    1531    43,0
   3063     5,0    1532    43,0
   3065     3,0    1533    27,0
   3067     4,0    1534    26,0
   3069     8,0    1535    20,0
   3071     7,0    1536     9,0
   3073     5,0    1537     6,0
   3075     4,0    1538     8,0
   3077     2,0    1539     8,0
   3079     3,0    1540     5,0
   3081     0,0    1541    10,0
   3083     5,0    1542     8,0
   3085     4,0    1543    11,0
   3087     2,0    1544     9,0
   3089     4,0    1545    10,0
   3091     3,0    1546     4,0
   3093     3,0    1547     6,0
   3095     4,0    1548     7,0
   3097     3,0    1549     6,0
   3099     2,0    1550     5,0
   3104     0,0    1553     0,0
   3109     0,0    1555     0,0
   3114     0,0    1558     0,0
   3119     0,0    1560     0,0
   3124     0,0    1563     0,0
   3129     0,0    1565    33,6
   3134     0,0    1568     0,0
   3139     0,0    1570     0,0
   3144     0,0    1573     0,0
   3149     0,0    1575     0,0
